t PL
0.000000e+00 2.196449e+02
1.000000e-13 2.196449e+02
2.020000e-13 2.196449e+02
3.060000e-13 2.196449e+02
4.122000e-13 2.196449e+02
5.204000e-13 2.196449e+02
6.308000e-13 2.196449e+02
7.434000e-13 2.196449e+02
8.583000e-13 2.196449e+02
9.755000e-13 2.196449e+02
1.095000e-12 2.196449e+02
1.217000e-12 2.196449e+02
1.341000e-12 2.196449e+02
1.468000e-12 2.196449e+02
1.597000e-12 2.196449e+02
1.729000e-12 2.196449e+02
1.864000e-12 2.196449e+02
2.001000e-12 2.196449e+02
2.141000e-12 2.196449e+02
2.284000e-12 2.196449e+02
2.430000e-12 2.196449e+02
2.578000e-12 2.196449e+02
2.730000e-12 2.196449e+02
2.884000e-12 2.196449e+02
3.042000e-12 2.196449e+02
3.203000e-12 2.196449e+02
3.367000e-12 2.196449e+02
3.534000e-12 2.196449e+02
3.705000e-12 2.196449e+02
3.879000e-12 2.196449e+02
4.057000e-12 2.196450e+02
4.238000e-12 2.196450e+02
4.423000e-12 2.196450e+02
4.611000e-12 2.196450e+02
4.803000e-12 2.196450e+02
4.999000e-12 2.196450e+02
5.199000e-12 2.196450e+02
5.403000e-12 2.196450e+02
5.611000e-12 2.196450e+02
5.824000e-12 2.196450e+02
6.040000e-12 2.196450e+02
6.261000e-12 2.196450e+02
6.486000e-12 2.196450e+02
6.716000e-12 2.196450e+02
6.950000e-12 2.196450e+02
7.189000e-12 2.196450e+02
7.433000e-12 2.196450e+02
7.682000e-12 2.196450e+02
7.935000e-12 2.196450e+02
8.194000e-12 2.196450e+02
8.458000e-12 2.196450e+02
8.727000e-12 2.196450e+02
9.002000e-12 2.196450e+02
9.282000e-12 2.196450e+02
9.567000e-12 2.196450e+02
9.859000e-12 2.196450e+02
1.016000e-11 2.196450e+02
1.046000e-11 2.196450e+02
1.077000e-11 2.196450e+02
1.108000e-11 2.196450e+02
1.141000e-11 2.196450e+02
1.173000e-11 2.196450e+02
1.207000e-11 2.196450e+02
1.241000e-11 2.196450e+02
1.276000e-11 2.196450e+02
1.311000e-11 2.196450e+02
1.347000e-11 2.196450e+02
1.384000e-11 2.196450e+02
1.422000e-11 2.196450e+02
1.461000e-11 2.196450e+02
1.500000e-11 2.196450e+02
1.540000e-11 2.196450e+02
1.581000e-11 2.196450e+02
1.622000e-11 2.196450e+02
1.665000e-11 2.196450e+02
1.708000e-11 2.196450e+02
1.752000e-11 2.196450e+02
1.797000e-11 2.196450e+02
1.843000e-11 2.196450e+02
1.890000e-11 2.196450e+02
1.938000e-11 2.196450e+02
1.986000e-11 2.196450e+02
2.036000e-11 2.196450e+02
2.087000e-11 2.196450e+02
2.139000e-11 2.196450e+02
2.191000e-11 2.196450e+02
2.245000e-11 2.196450e+02
2.300000e-11 2.196450e+02
2.356000e-11 2.196450e+02
2.413000e-11 2.196450e+02
2.472000e-11 2.196450e+02
2.531000e-11 2.196450e+02
2.592000e-11 2.196451e+02
2.653000e-11 2.196451e+02
2.717000e-11 2.196451e+02
2.781000e-11 2.196451e+02
2.846000e-11 2.196451e+02
2.913000e-11 2.196451e+02
2.982000e-11 2.196451e+02
3.051000e-11 2.196451e+02
3.122000e-11 2.196451e+02
3.195000e-11 2.196451e+02
3.269000e-11 2.196451e+02
3.344000e-11 2.196451e+02
3.421000e-11 2.196451e+02
3.499000e-11 2.196451e+02
3.579000e-11 2.196451e+02
3.661000e-11 2.196451e+02
3.744000e-11 2.196451e+02
3.829000e-11 2.196451e+02
3.916000e-11 2.196451e+02
4.004000e-11 2.196451e+02
4.094000e-11 2.196451e+02
4.186000e-11 2.196451e+02
4.280000e-11 2.196451e+02
4.375000e-11 2.196451e+02
4.473000e-11 2.196451e+02
4.572000e-11 2.196451e+02
4.674000e-11 2.196451e+02
4.777000e-11 2.196452e+02
4.883000e-11 2.196452e+02
4.990000e-11 2.196452e+02
5.100000e-11 2.196452e+02
5.212000e-11 2.196452e+02
5.326000e-11 2.196452e+02
5.443000e-11 2.196452e+02
5.562000e-11 2.196452e+02
5.683000e-11 2.196452e+02
5.807000e-11 2.196452e+02
5.933000e-11 2.196452e+02
6.061000e-11 2.196452e+02
6.193000e-11 2.196452e+02
6.326000e-11 2.196452e+02
6.463000e-11 2.196452e+02
6.602000e-11 2.196452e+02
6.744000e-11 2.196452e+02
6.889000e-11 2.196452e+02
7.037000e-11 2.196452e+02
7.188000e-11 2.196453e+02
7.341000e-11 2.196453e+02
7.498000e-11 2.196453e+02
7.658000e-11 2.196453e+02
7.821000e-11 2.196453e+02
7.988000e-11 2.196453e+02
8.158000e-11 2.196453e+02
8.331000e-11 2.196453e+02
8.507000e-11 2.196453e+02
8.687000e-11 2.196453e+02
8.871000e-11 2.196453e+02
9.059000e-11 2.196453e+02
9.250000e-11 2.196453e+02
9.445000e-11 2.196454e+02
9.644000e-11 2.196454e+02
9.847000e-11 2.196454e+02
1.005000e-10 2.196454e+02
1.026000e-10 2.196454e+02
1.048000e-10 2.196454e+02
1.070000e-10 2.196454e+02
1.092000e-10 2.196454e+02
1.115000e-10 2.196454e+02
1.138000e-10 2.196454e+02
1.162000e-10 2.196454e+02
1.187000e-10 2.196455e+02
1.211000e-10 2.196455e+02
1.236000e-10 2.196455e+02
1.262000e-10 2.196455e+02
1.288000e-10 2.196455e+02
1.315000e-10 2.196455e+02
1.343000e-10 2.196455e+02
1.370000e-10 2.196455e+02
1.399000e-10 2.196455e+02
1.428000e-10 2.196456e+02
1.457000e-10 2.196456e+02
1.487000e-10 2.196456e+02
1.518000e-10 2.196456e+02
1.550000e-10 2.196456e+02
1.582000e-10 2.196456e+02
1.614000e-10 2.196456e+02
1.647000e-10 2.196456e+02
1.681000e-10 2.196457e+02
1.716000e-10 2.196457e+02
1.751000e-10 2.196457e+02
1.787000e-10 2.196457e+02
1.824000e-10 2.196457e+02
1.862000e-10 2.196457e+02
1.900000e-10 2.196457e+02
1.939000e-10 2.196458e+02
1.979000e-10 2.196458e+02
2.019000e-10 2.196458e+02
2.061000e-10 2.196458e+02
2.103000e-10 2.196458e+02
2.146000e-10 2.196458e+02
2.190000e-10 2.196459e+02
2.235000e-10 2.196459e+02
2.280000e-10 2.196459e+02
2.327000e-10 2.196459e+02
2.374000e-10 2.196459e+02
2.423000e-10 2.196460e+02
2.472000e-10 2.196460e+02
2.523000e-10 2.196460e+02
2.574000e-10 2.196460e+02
2.627000e-10 2.196460e+02
2.680000e-10 2.196461e+02
2.735000e-10 2.196461e+02
2.791000e-10 2.196461e+02
2.847000e-10 2.196461e+02
2.905000e-10 2.196461e+02
2.964000e-10 2.196462e+02
3.025000e-10 2.196462e+02
3.086000e-10 2.196462e+02
3.149000e-10 2.196462e+02
3.213000e-10 2.196463e+02
3.278000e-10 2.196463e+02
3.345000e-10 2.196463e+02
3.413000e-10 2.196463e+02
3.482000e-10 2.196464e+02
3.553000e-10 2.196464e+02
3.625000e-10 2.196464e+02
3.698000e-10 2.196464e+02
3.773000e-10 2.196465e+02
3.849000e-10 2.196465e+02
3.927000e-10 2.196465e+02
4.007000e-10 2.196466e+02
4.088000e-10 2.196466e+02
4.171000e-10 2.196466e+02
4.255000e-10 2.196467e+02
4.341000e-10 2.196467e+02
4.429000e-10 2.196467e+02
4.519000e-10 2.196468e+02
4.610000e-10 2.196468e+02
4.703000e-10 2.196468e+02
4.799000e-10 2.196469e+02
4.895000e-10 2.196469e+02
4.994000e-10 2.196469e+02
5.095000e-10 2.196470e+02
5.198000e-10 2.196470e+02
5.303000e-10 2.196471e+02
5.410000e-10 2.196471e+02
5.519000e-10 2.196471e+02
5.631000e-10 2.196472e+02
5.744000e-10 2.196472e+02
5.860000e-10 2.196473e+02
5.979000e-10 2.196473e+02
6.099000e-10 2.196473e+02
6.222000e-10 2.196474e+02
6.348000e-10 2.196474e+02
6.475000e-10 2.196475e+02
6.606000e-10 2.196475e+02
6.739000e-10 2.196476e+02
6.875000e-10 2.196476e+02
7.013000e-10 2.196477e+02
7.155000e-10 2.196477e+02
7.299000e-10 2.196478e+02
7.446000e-10 2.196478e+02
7.596000e-10 2.196479e+02
7.749000e-10 2.196480e+02
7.905000e-10 2.196480e+02
8.064000e-10 2.196481e+02
8.226000e-10 2.196481e+02
8.391000e-10 2.196482e+02
8.560000e-10 2.196483e+02
8.732000e-10 2.196483e+02
8.908000e-10 2.196484e+02
9.087000e-10 2.196484e+02
9.270000e-10 2.196485e+02
9.456000e-10 2.196486e+02
9.647000e-10 2.196487e+02
9.840000e-10 2.196487e+02
1.004000e-09 2.196488e+02
1.024000e-09 2.196489e+02
1.045000e-09 2.196489e+02
1.066000e-09 2.196490e+02
1.087000e-09 2.196491e+02
1.109000e-09 2.196492e+02
1.131000e-09 2.196493e+02
1.154000e-09 2.196493e+02
1.177000e-09 2.196494e+02
1.201000e-09 2.196495e+02
1.225000e-09 2.196496e+02
1.249000e-09 2.196497e+02
1.274000e-09 2.196498e+02
1.300000e-09 2.196499e+02
1.326000e-09 2.196500e+02
1.353000e-09 2.196501e+02
1.380000e-09 2.196502e+02
1.408000e-09 2.196503e+02
1.436000e-09 2.196504e+02
1.465000e-09 2.196505e+02
1.494000e-09 2.196506e+02
1.524000e-09 2.196507e+02
1.555000e-09 2.196508e+02
1.586000e-09 2.196509e+02
1.618000e-09 2.196510e+02
1.650000e-09 2.196511e+02
1.683000e-09 2.196512e+02
1.717000e-09 2.196514e+02
1.751000e-09 2.196515e+02
1.787000e-09 2.196516e+02
1.822000e-09 2.196517e+02
1.859000e-09 2.196519e+02
1.896000e-09 2.196520e+02
1.934000e-09 2.196521e+02
1.973000e-09 2.196523e+02
2.013000e-09 2.196524e+02
2.053000e-09 2.196526e+02
2.094000e-09 2.196527e+02
2.136000e-09 2.196529e+02
2.179000e-09 2.196530e+02
2.223000e-09 2.196532e+02
2.267000e-09 2.196533e+02
2.313000e-09 2.196535e+02
2.359000e-09 2.196537e+02
2.406000e-09 2.196538e+02
2.454000e-09 2.196540e+02
2.504000e-09 2.196542e+02
2.554000e-09 2.196543e+02
2.605000e-09 2.196545e+02
2.657000e-09 2.196547e+02
2.710000e-09 2.196549e+02
2.765000e-09 2.196551e+02
2.820000e-09 2.196553e+02
2.877000e-09 2.196555e+02
2.934000e-09 2.196557e+02
2.993000e-09 2.196559e+02
3.053000e-09 2.196561e+02
3.114000e-09 2.196563e+02
3.176000e-09 2.196565e+02
3.240000e-09 2.196568e+02
3.305000e-09 2.196570e+02
3.371000e-09 2.196572e+02
3.439000e-09 2.196575e+02
3.508000e-09 2.196577e+02
3.578000e-09 2.196580e+02
3.649000e-09 2.196582e+02
3.723000e-09 2.196585e+02
3.797000e-09 2.196587e+02
3.873000e-09 2.196590e+02
3.951000e-09 2.196593e+02
4.030000e-09 2.196596e+02
4.111000e-09 2.196598e+02
4.193000e-09 2.196601e+02
4.277000e-09 2.196604e+02
4.362000e-09 2.196607e+02
4.450000e-09 2.196610e+02
4.539000e-09 2.196613e+02
4.630000e-09 2.196617e+02
4.722000e-09 2.196620e+02
4.817000e-09 2.196623e+02
4.913000e-09 2.196627e+02
5.012000e-09 2.196630e+02
5.112000e-09 2.196634e+02
5.215000e-09 2.196637e+02
5.319000e-09 2.196641e+02
5.425000e-09 2.196644e+02
5.534000e-09 2.196648e+02
5.645000e-09 2.196652e+02
5.758000e-09 2.196656e+02
5.873000e-09 2.196660e+02
5.991000e-09 2.196664e+02
6.110000e-09 2.196668e+02
6.233000e-09 2.196673e+02
6.358000e-09 2.196677e+02
6.485000e-09 2.196681e+02
6.615000e-09 2.196686e+02
6.747000e-09 2.196691e+02
6.882000e-09 2.196695e+02
7.020000e-09 2.196700e+02
7.160000e-09 2.196705e+02
7.304000e-09 2.196710e+02
7.450000e-09 2.196715e+02
7.599000e-09 2.196720e+02
7.751000e-09 2.196726e+02
7.906000e-09 2.196731e+02
8.064000e-09 2.196736e+02
8.226000e-09 2.196742e+02
8.390000e-09 2.196748e+02
8.558000e-09 2.196754e+02
8.729000e-09 2.196759e+02
8.904000e-09 2.196766e+02
9.082000e-09 2.196772e+02
9.264000e-09 2.196778e+02
9.449000e-09 2.196784e+02
9.639000e-09 2.196791e+02
9.831000e-09 2.196798e+02
1.003000e-08 2.196804e+02
1.023000e-08 2.196811e+02
1.043000e-08 2.196818e+02
1.064000e-08 2.196826e+02
1.086000e-08 2.196833e+02
1.107000e-08 2.196840e+02
1.129000e-08 2.196848e+02
1.152000e-08 2.196856e+02
1.175000e-08 2.196864e+02
1.199000e-08 2.196872e+02
1.223000e-08 2.196880e+02
1.247000e-08 2.196889e+02
1.272000e-08 2.196897e+02
1.297000e-08 2.196906e+02
1.323000e-08 2.196915e+02
1.350000e-08 2.196924e+02
1.377000e-08 2.196934e+02
1.404000e-08 2.196943e+02
1.432000e-08 2.196952e+02
1.461000e-08 2.196962e+02
1.490000e-08 2.196972e+02
1.520000e-08 2.196983e+02
1.551000e-08 2.196993e+02
1.582000e-08 2.197004e+02
1.613000e-08 2.197015e+02
1.646000e-08 2.197026e+02
1.678000e-08 2.197037e+02
1.712000e-08 2.197049e+02
1.746000e-08 2.197060e+02
1.781000e-08 2.197072e+02
1.817000e-08 2.197085e+02
1.853000e-08 2.197097e+02
1.890000e-08 2.197110e+02
1.928000e-08 2.197123e+02
1.967000e-08 2.197136e+02
2.006000e-08 2.197150e+02
2.046000e-08 2.197163e+02
2.087000e-08 2.197177e+02
2.129000e-08 2.197192e+02
2.171000e-08 2.197206e+02
2.215000e-08 2.197221e+02
2.259000e-08 2.197236e+02
2.304000e-08 2.197252e+02
2.350000e-08 2.197267e+02
2.397000e-08 2.197284e+02
2.445000e-08 2.197300e+02
2.494000e-08 2.197317e+02
2.544000e-08 2.197334e+02
2.595000e-08 2.197351e+02
2.647000e-08 2.197369e+02
2.700000e-08 2.197387e+02
2.754000e-08 2.197406e+02
2.809000e-08 2.197424e+02
2.865000e-08 2.197444e+02
2.923000e-08 2.197463e+02
2.981000e-08 2.197483e+02
3.041000e-08 2.197504e+02
3.102000e-08 2.197524e+02
3.164000e-08 2.197546e+02
3.227000e-08 2.197567e+02
3.291000e-08 2.197589e+02
3.357000e-08 2.197611e+02
3.424000e-08 2.197634e+02
3.493000e-08 2.197658e+02
3.563000e-08 2.197682e+02
3.634000e-08 2.197706e+02
3.707000e-08 2.197731e+02
3.781000e-08 2.197756e+02
3.856000e-08 2.197781e+02
3.934000e-08 2.197808e+02
4.012000e-08 2.197834e+02
4.093000e-08 2.197862e+02
4.174000e-08 2.197889e+02
4.258000e-08 2.197918e+02
4.343000e-08 2.197947e+02
4.430000e-08 2.197976e+02
4.519000e-08 2.198007e+02
4.609000e-08 2.198037e+02
4.701000e-08 2.198068e+02
4.795000e-08 2.198100e+02
4.891000e-08 2.198133e+02
4.989000e-08 2.198166e+02
5.089000e-08 2.198200e+02
5.190000e-08 2.198234e+02
5.294000e-08 2.198269e+02
5.400000e-08 2.198305e+02
5.508000e-08 2.198342e+02
5.618000e-08 2.198379e+02
5.731000e-08 2.198417e+02
5.845000e-08 2.198456e+02
5.962000e-08 2.198495e+02
6.082000e-08 2.198536e+02
6.203000e-08 2.198577e+02
6.327000e-08 2.198619e+02
6.454000e-08 2.198662e+02
6.583000e-08 2.198705e+02
6.715000e-08 2.198750e+02
6.849000e-08 2.198795e+02
6.986000e-08 2.198841e+02
7.126000e-08 2.198888e+02
7.268000e-08 2.198936e+02
7.414000e-08 2.198985e+02
7.562000e-08 2.199035e+02
7.713000e-08 2.199086e+02
7.867000e-08 2.199138e+02
8.025000e-08 2.199191e+02
8.185000e-08 2.199245e+02
8.349000e-08 2.199300e+02
8.516000e-08 2.199356e+02
8.686000e-08 2.199413e+02
8.860000e-08 2.199472e+02
9.037000e-08 2.199531e+02
9.218000e-08 2.199592e+02
9.402000e-08 2.199653e+02
9.590000e-08 2.199716e+02
9.782000e-08 2.199781e+02
9.978000e-08 2.199846e+02
1.018000e-07 2.199914e+02
1.038000e-07 2.199980e+02
1.059000e-07 2.200050e+02
1.080000e-07 2.200120e+02
1.102000e-07 2.200193e+02
1.124000e-07 2.200266e+02
1.146000e-07 2.200339e+02
1.169000e-07 2.200415e+02
1.192000e-07 2.200491e+02
1.216000e-07 2.200571e+02
1.241000e-07 2.200653e+02
1.265000e-07 2.200733e+02
1.291000e-07 2.200818e+02
1.317000e-07 2.200904e+02
1.343000e-07 2.200990e+02
1.370000e-07 2.201079e+02
1.397000e-07 2.201168e+02
1.425000e-07 2.201260e+02
1.454000e-07 2.201355e+02
1.483000e-07 2.201450e+02
1.512000e-07 2.201545e+02
1.543000e-07 2.201647e+02
1.573000e-07 2.201745e+02
1.605000e-07 2.201849e+02
1.637000e-07 2.201954e+02
1.670000e-07 2.202062e+02
1.703000e-07 2.202169e+02
1.737000e-07 2.202280e+02
1.772000e-07 2.202394e+02
1.807000e-07 2.202507e+02
1.844000e-07 2.202627e+02
1.880000e-07 2.202744e+02
1.918000e-07 2.202867e+02
1.956000e-07 2.202990e+02
1.995000e-07 2.203116e+02
2.035000e-07 2.203245e+02
2.076000e-07 2.203377e+02
2.118000e-07 2.203513e+02
2.160000e-07 2.203647e+02
2.203000e-07 2.203785e+02
2.247000e-07 2.203927e+02
2.292000e-07 2.204071e+02
2.338000e-07 2.204218e+02
2.385000e-07 2.204368e+02
2.433000e-07 2.204521e+02
2.481000e-07 2.204674e+02
2.531000e-07 2.204833e+02
2.581000e-07 2.204991e+02
2.633000e-07 2.205156e+02
2.686000e-07 2.205324e+02
2.739000e-07 2.205491e+02
2.794000e-07 2.205664e+02
2.850000e-07 2.205841e+02
2.907000e-07 2.206020e+02
2.965000e-07 2.206202e+02
3.025000e-07 2.206390e+02
3.085000e-07 2.206577e+02
3.147000e-07 2.206771e+02
3.210000e-07 2.206967e+02
3.274000e-07 2.207166e+02
3.339000e-07 2.207367e+02
3.406000e-07 2.207575e+02
3.474000e-07 2.207785e+02
3.544000e-07 2.208001e+02
3.615000e-07 2.208219e+02
3.687000e-07 2.208440e+02
3.761000e-07 2.208666e+02
3.836000e-07 2.208895e+02
3.913000e-07 2.209130e+02
3.991000e-07 2.209367e+02
4.071000e-07 2.209610e+02
4.152000e-07 2.209855e+02
4.235000e-07 2.210105e+02
4.320000e-07 2.210361e+02
4.406000e-07 2.210619e+02
4.494000e-07 2.210883e+02
4.584000e-07 2.211151e+02
4.676000e-07 2.211425e+02
4.769000e-07 2.211702e+02
4.865000e-07 2.211986e+02
4.962000e-07 2.212272e+02
5.061000e-07 2.212563e+02
5.163000e-07 2.212863e+02
5.266000e-07 2.213164e+02
5.371000e-07 2.213470e+02
5.479000e-07 2.213784e+02
5.588000e-07 2.214100e+02
5.700000e-07 2.214423e+02
5.814000e-07 2.214750e+02
5.930000e-07 2.215083e+02
6.049000e-07 2.215422e+02
6.170000e-07 2.215766e+02
6.293000e-07 2.216115e+02
6.419000e-07 2.216470e+02
6.547000e-07 2.216830e+02
6.678000e-07 2.217197e+02
6.812000e-07 2.217571e+02
6.948000e-07 2.217948e+02
7.087000e-07 2.218333e+02
7.229000e-07 2.218725e+02
7.373000e-07 2.219120e+02
7.521000e-07 2.219524e+02
7.671000e-07 2.219931e+02
7.825000e-07 2.220348e+02
7.981000e-07 2.220767e+02
8.141000e-07 2.221196e+02
8.304000e-07 2.221630e+02
8.470000e-07 2.222070e+02
8.639000e-07 2.222516e+02
8.812000e-07 2.222969e+02
8.988000e-07 2.223429e+02
9.168000e-07 2.223895e+02
9.351000e-07 2.224368e+02
9.538000e-07 2.224847e+02
9.729000e-07 2.225335e+02
9.924000e-07 2.225829e+02
1.012000e-06 2.226323e+02
1.032000e-06 2.226824e+02
1.053000e-06 2.227346e+02
1.074000e-06 2.227866e+02
1.096000e-06 2.228406e+02
1.118000e-06 2.228943e+02
1.140000e-06 2.229476e+02
1.163000e-06 2.230029e+02
1.186000e-06 2.230579e+02
1.210000e-06 2.231148e+02
1.234000e-06 2.231713e+02
1.259000e-06 2.232298e+02
1.284000e-06 2.232877e+02
1.309000e-06 2.233451e+02
1.336000e-06 2.234068e+02
1.362000e-06 2.234657e+02
1.390000e-06 2.235286e+02
1.417000e-06 2.235888e+02
1.446000e-06 2.236528e+02
1.475000e-06 2.237162e+02
1.504000e-06 2.237790e+02
1.534000e-06 2.238435e+02
1.565000e-06 2.239094e+02
1.596000e-06 2.239747e+02
1.628000e-06 2.240415e+02
1.661000e-06 2.241096e+02
1.694000e-06 2.241771e+02
1.728000e-06 2.242457e+02
1.762000e-06 2.243137e+02
1.798000e-06 2.243849e+02
1.833000e-06 2.244534e+02
1.870000e-06 2.245249e+02
1.908000e-06 2.245976e+02
1.946000e-06 2.246693e+02
1.985000e-06 2.247421e+02
2.024000e-06 2.248140e+02
2.065000e-06 2.248887e+02
2.106000e-06 2.249623e+02
2.148000e-06 2.250369e+02
2.191000e-06 2.251121e+02
2.235000e-06 2.251881e+02
2.280000e-06 2.252647e+02
2.325000e-06 2.253402e+02
2.372000e-06 2.254180e+02
2.419000e-06 2.254946e+02
2.468000e-06 2.255733e+02
2.517000e-06 2.256508e+02
2.567000e-06 2.257286e+02
2.619000e-06 2.258083e+02
2.671000e-06 2.258866e+02
2.724000e-06 2.259652e+02
2.779000e-06 2.260453e+02
2.835000e-06 2.261255e+02
2.891000e-06 2.262043e+02
2.949000e-06 2.262844e+02
3.008000e-06 2.263645e+02
3.068000e-06 2.264444e+02
3.130000e-06 2.265253e+02
3.192000e-06 2.266047e+02
3.256000e-06 2.266850e+02
3.321000e-06 2.267650e+02
3.388000e-06 2.268457e+02
3.455000e-06 2.269247e+02
3.524000e-06 2.270044e+02
3.595000e-06 2.270845e+02
3.667000e-06 2.271640e+02
3.740000e-06 2.272428e+02
3.815000e-06 2.273218e+02
3.891000e-06 2.274001e+02
3.969000e-06 2.274784e+02
4.048000e-06 2.275558e+02
4.129000e-06 2.276332e+02
4.212000e-06 2.277105e+02
4.296000e-06 2.277867e+02
4.382000e-06 2.278626e+02
4.470000e-06 2.279380e+02
4.559000e-06 2.280123e+02
4.650000e-06 2.280861e+02
4.743000e-06 2.281595e+02
4.838000e-06 2.282322e+02
4.935000e-06 2.283042e+02
5.034000e-06 2.283755e+02
5.134000e-06 2.284453e+02
5.237000e-06 2.285149e+02
5.342000e-06 2.285835e+02
5.449000e-06 2.286512e+02
5.558000e-06 2.287178e+02
5.669000e-06 2.287833e+02
5.782000e-06 2.288477e+02
5.898000e-06 2.289115e+02
6.016000e-06 2.289740e+02
6.136000e-06 2.290352e+02
6.259000e-06 2.290956e+02
6.384000e-06 2.291545e+02
6.512000e-06 2.292126e+02
6.642000e-06 2.292692e+02
6.775000e-06 2.293248e+02
6.910000e-06 2.293789e+02
7.048000e-06 2.294318e+02
7.189000e-06 2.294836e+02
7.333000e-06 2.295342e+02
7.480000e-06 2.295835e+02
7.629000e-06 2.296311e+02
7.782000e-06 2.296778e+02
7.938000e-06 2.297232e+02
8.096000e-06 2.297669e+02
8.258000e-06 2.298095e+02
8.424000e-06 2.298509e+02
8.592000e-06 2.298908e+02
8.764000e-06 2.299294e+02
8.939000e-06 2.299667e+02
9.118000e-06 2.300027e+02
9.300000e-06 2.300373e+02
9.486000e-06 2.300707e+02
9.676000e-06 2.301028e+02
9.870000e-06 2.301337e+02
1.007000e-05 2.301637e+02
1.027000e-05 2.301918e+02
1.047000e-05 2.302183e+02
1.068000e-05 2.302443e+02
1.090000e-05 2.302697e+02
1.111000e-05 2.302925e+02
1.134000e-05 2.303158e+02
1.156000e-05 2.303365e+02
1.179000e-05 2.303567e+02
1.203000e-05 2.303763e+02
1.227000e-05 2.303945e+02
1.252000e-05 2.304121e+02
1.277000e-05 2.304283e+02
1.302000e-05 2.304433e+02
1.328000e-05 2.304577e+02
1.355000e-05 2.304715e+02
1.382000e-05 2.304842e+02
1.410000e-05 2.304963e+02
1.438000e-05 2.305073e+02
1.467000e-05 2.305178e+02
1.496000e-05 2.305274e+02
1.526000e-05 2.305365e+02
1.556000e-05 2.305447e+02
1.587000e-05 2.305524e+02
1.619000e-05 2.305597e+02
1.652000e-05 2.305664e+02
1.685000e-05 2.305726e+02
1.718000e-05 2.305781e+02
1.753000e-05 2.305833e+02
1.788000e-05 2.305881e+02
1.823000e-05 2.305923e+02
1.860000e-05 2.305963e+02
1.897000e-05 2.305999e+02
1.935000e-05 2.306032e+02
1.974000e-05 2.306062e+02
2.013000e-05 2.306088e+02
2.054000e-05 2.306113e+02
2.095000e-05 2.306134e+02
2.136000e-05 2.306154e+02
2.179000e-05 2.306171e+02
2.223000e-05 2.306187e+02
2.267000e-05 2.306200e+02
2.313000e-05 2.306211e+02
2.359000e-05 2.306222e+02
2.406000e-05 2.306231e+02
2.454000e-05 2.306239e+02
2.503000e-05 2.306244e+02
2.553000e-05 2.306249e+02
2.604000e-05 2.306253e+02
2.656000e-05 2.306257e+02
2.710000e-05 2.306260e+02
2.764000e-05 2.306263e+02
2.819000e-05 2.306265e+02
2.875000e-05 2.306267e+02
2.933000e-05 2.306269e+02
2.992000e-05 2.306271e+02
3.051000e-05 2.306273e+02
3.112000e-05 2.306274e+02
3.175000e-05 2.306275e+02
3.238000e-05 2.306275e+02
3.303000e-05 2.306276e+02
3.369000e-05 2.306276e+02
3.436000e-05 2.306276e+02
3.505000e-05 2.306276e+02
3.575000e-05 2.306276e+02
3.647000e-05 2.306276e+02
3.720000e-05 2.306276e+02
3.794000e-05 2.306276e+02
3.870000e-05 2.306276e+02
3.947000e-05 2.306276e+02
4.026000e-05 2.306276e+02
4.107000e-05 2.306276e+02
4.189000e-05 2.306276e+02
4.273000e-05 2.306276e+02
4.358000e-05 2.306276e+02
4.445000e-05 2.306276e+02
4.534000e-05 2.306276e+02
4.625000e-05 2.306276e+02
4.717000e-05 2.306276e+02
4.812000e-05 2.306276e+02
4.908000e-05 2.306276e+02
5.006000e-05 2.306276e+02
5.106000e-05 2.306276e+02
5.208000e-05 2.306276e+02
5.313000e-05 2.306276e+02
5.419000e-05 2.306276e+02
5.527000e-05 2.306276e+02
5.638000e-05 2.306276e+02
5.751000e-05 2.306276e+02
5.866000e-05 2.306276e+02
5.983000e-05 2.306276e+02
6.103000e-05 2.306276e+02
6.225000e-05 2.306276e+02
6.349000e-05 2.306276e+02
6.476000e-05 2.306276e+02
6.606000e-05 2.306276e+02
6.738000e-05 2.306276e+02
6.872000e-05 2.306276e+02
7.010000e-05 2.306276e+02
7.150000e-05 2.306276e+02
7.293000e-05 2.306276e+02
7.439000e-05 2.306276e+02
7.588000e-05 2.306276e+02
7.740000e-05 2.306276e+02
7.894000e-05 2.306276e+02
8.052000e-05 2.306276e+02
8.213000e-05 2.306276e+02
8.377000e-05 2.306276e+02
8.545000e-05 2.306276e+02
8.716000e-05 2.306276e+02
8.890000e-05 2.306276e+02
9.068000e-05 2.306276e+02
9.249000e-05 2.306276e+02
9.434000e-05 2.306276e+02
9.623000e-05 2.306276e+02
9.816000e-05 2.306276e+02
1.001000e-04 2.306276e+02
1.021000e-04 2.306276e+02
1.042000e-04 2.306276e+02
1.062000e-04 2.306276e+02
1.084000e-04 2.306276e+02
1.105000e-04 2.306276e+02
1.128000e-04 2.306276e+02
1.150000e-04 2.306276e+02
1.173000e-04 2.306276e+02
1.197000e-04 2.306276e+02
1.220000e-04 2.306276e+02
1.245000e-04 2.306276e+02
1.270000e-04 2.306276e+02
1.295000e-04 2.306276e+02
1.321000e-04 2.306276e+02
1.347000e-04 2.306276e+02
1.374000e-04 2.306276e+02
1.402000e-04 2.306276e+02
1.430000e-04 2.306276e+02
1.459000e-04 2.306276e+02
1.488000e-04 2.306276e+02
1.517000e-04 2.306276e+02
1.548000e-04 2.306276e+02
1.579000e-04 2.306276e+02
1.610000e-04 2.306276e+02
1.643000e-04 2.306276e+02
1.675000e-04 2.306276e+02
1.709000e-04 2.306276e+02
1.743000e-04 2.306276e+02
1.778000e-04 2.306276e+02
1.814000e-04 2.306276e+02
1.850000e-04 2.306276e+02
1.887000e-04 2.306276e+02
1.925000e-04 2.306276e+02
1.963000e-04 2.306276e+02
2.002000e-04 2.306276e+02
2.042000e-04 2.306276e+02
2.083000e-04 2.306276e+02
2.125000e-04 2.306276e+02
2.167000e-04 2.306276e+02
2.211000e-04 2.306276e+02
2.255000e-04 2.306276e+02
2.300000e-04 2.306276e+02
2.346000e-04 2.306276e+02
2.393000e-04 2.306276e+02
2.441000e-04 2.306276e+02
2.490000e-04 2.306276e+02
2.539000e-04 2.306276e+02
2.590000e-04 2.306276e+02
2.642000e-04 2.306276e+02
2.695000e-04 2.306276e+02
2.749000e-04 2.306276e+02
2.804000e-04 2.306276e+02
2.860000e-04 2.306276e+02
2.917000e-04 2.306276e+02
2.975000e-04 2.306276e+02
3.035000e-04 2.306276e+02
3.095000e-04 2.306276e+02
3.157000e-04 2.306276e+02
3.221000e-04 2.306276e+02
3.285000e-04 2.306276e+02
3.351000e-04 2.306276e+02
3.418000e-04 2.306276e+02
3.486000e-04 2.306276e+02
3.556000e-04 2.306276e+02
3.627000e-04 2.306276e+02
3.699000e-04 2.306276e+02
3.773000e-04 2.306276e+02
3.849000e-04 2.306276e+02
3.926000e-04 2.306276e+02
4.004000e-04 2.306276e+02
4.084000e-04 2.306276e+02
4.166000e-04 2.306276e+02
4.249000e-04 2.306276e+02
4.334000e-04 2.306276e+02
4.421000e-04 2.306276e+02
4.510000e-04 2.306276e+02
4.600000e-04 2.306276e+02
4.692000e-04 2.306276e+02
4.786000e-04 2.306276e+02
4.881000e-04 2.306276e+02
4.979000e-04 2.306276e+02
5.078000e-04 2.306276e+02
5.180000e-04 2.306276e+02
5.284000e-04 2.306276e+02
5.389000e-04 2.306276e+02
5.497000e-04 2.306276e+02
5.607000e-04 2.306276e+02
5.719000e-04 2.306276e+02
5.834000e-04 2.306276e+02
5.950000e-04 2.306276e+02
6.069000e-04 2.306276e+02
6.191000e-04 2.306276e+02
6.314000e-04 2.306276e+02
6.441000e-04 2.306276e+02
6.569000e-04 2.306276e+02
6.701000e-04 2.306276e+02
6.835000e-04 2.306276e+02
6.972000e-04 2.306276e+02
7.111000e-04 2.306276e+02
7.253000e-04 2.306276e+02
7.398000e-04 2.306276e+02
7.546000e-04 2.306276e+02
7.697000e-04 2.306276e+02
7.851000e-04 2.306276e+02
8.008000e-04 2.306276e+02
8.168000e-04 2.306276e+02
8.332000e-04 2.306276e+02
8.498000e-04 2.306276e+02
8.668000e-04 2.306276e+02
8.842000e-04 2.306276e+02
9.019000e-04 2.306276e+02
9.199000e-04 2.306276e+02
9.383000e-04 2.306276e+02
9.571000e-04 2.306276e+02
9.762000e-04 2.306276e+02
9.957000e-04 2.306276e+02
1.016000e-03 2.306276e+02
1.036000e-03 2.306276e+02
1.057000e-03 2.306276e+02
1.078000e-03 2.306276e+02
1.099000e-03 2.306276e+02
1.121000e-03 2.306276e+02
1.144000e-03 2.306276e+02
1.167000e-03 2.306276e+02
1.190000e-03 2.306276e+02
1.214000e-03 2.306276e+02
1.238000e-03 2.306276e+02
1.263000e-03 2.306276e+02
1.288000e-03 2.306276e+02
1.314000e-03 2.306276e+02
1.340000e-03 2.306276e+02
1.367000e-03 2.306276e+02
1.394000e-03 2.306276e+02
1.422000e-03 2.306276e+02
1.451000e-03 2.306276e+02
1.480000e-03 2.306276e+02
1.509000e-03 2.306276e+02
1.539000e-03 2.306276e+02
1.570000e-03 2.306276e+02
1.602000e-03 2.306276e+02
1.634000e-03 2.306276e+02
1.666000e-03 2.306276e+02
1.700000e-03 2.306276e+02
1.734000e-03 2.306276e+02
1.768000e-03 2.306276e+02
1.804000e-03 2.306276e+02
1.840000e-03 2.306276e+02
1.876000e-03 2.306276e+02
1.914000e-03 2.306276e+02
1.952000e-03 2.306276e+02
1.991000e-03 2.306276e+02
2.031000e-03 2.306276e+02
2.072000e-03 2.306276e+02
2.113000e-03 2.306276e+02
2.155000e-03 2.306276e+02
2.199000e-03 2.306276e+02
2.243000e-03 2.306276e+02
2.287000e-03 2.306276e+02
2.333000e-03 2.306276e+02
2.380000e-03 2.306276e+02
2.427000e-03 2.306276e+02
2.476000e-03 2.306276e+02
2.525000e-03 2.306276e+02
2.576000e-03 2.306276e+02
2.628000e-03 2.306276e+02
2.680000e-03 2.306276e+02
2.734000e-03 2.306276e+02
2.788000e-03 2.306276e+02
2.844000e-03 2.306276e+02
2.901000e-03 2.306276e+02
2.959000e-03 2.306276e+02
3.018000e-03 2.306276e+02
3.079000e-03 2.306276e+02
3.140000e-03 2.306276e+02
3.203000e-03 2.306276e+02
3.267000e-03 2.306276e+02
3.332000e-03 2.306276e+02
3.399000e-03 2.306276e+02
3.467000e-03 2.306276e+02
3.536000e-03 2.306276e+02
3.607000e-03 2.306276e+02
3.679000e-03 2.306276e+02
3.753000e-03 2.306276e+02
3.828000e-03 2.306276e+02
3.904000e-03 2.306276e+02
3.982000e-03 2.306276e+02
4.062000e-03 2.306276e+02
4.143000e-03 2.306276e+02
4.226000e-03 2.306276e+02
4.311000e-03 2.306276e+02
4.397000e-03 2.306276e+02
4.485000e-03 2.306276e+02
4.575000e-03 2.306276e+02
4.666000e-03 2.306276e+02
4.759000e-03 2.306276e+02
4.855000e-03 2.306276e+02
4.952000e-03 2.306276e+02
5.051000e-03 2.306276e+02
5.152000e-03 2.306276e+02
5.255000e-03 2.306276e+02
5.360000e-03 2.306276e+02
5.467000e-03 2.306276e+02
5.576000e-03 2.306276e+02
5.688000e-03 2.306276e+02
5.802000e-03 2.306276e+02
5.918000e-03 2.306276e+02
6.036000e-03 2.306276e+02
6.157000e-03 2.306276e+02
6.280000e-03 2.306276e+02
6.405000e-03 2.306276e+02
6.534000e-03 2.306276e+02
6.664000e-03 2.306276e+02
6.798000e-03 2.306276e+02
6.934000e-03 2.306276e+02
7.072000e-03 2.306276e+02
7.214000e-03 2.306276e+02
7.358000e-03 2.306276e+02
7.505000e-03 2.306276e+02
7.655000e-03 2.306276e+02
7.808000e-03 2.306276e+02
7.964000e-03 2.306276e+02
8.124000e-03 2.306276e+02
8.286000e-03 2.306276e+02
8.452000e-03 2.306276e+02
8.621000e-03 2.306276e+02
8.793000e-03 2.306276e+02
8.969000e-03 2.306276e+02
9.149000e-03 2.306276e+02
9.332000e-03 2.306276e+02
9.518000e-03 2.306276e+02
9.709000e-03 2.306276e+02
9.903000e-03 2.306276e+02
1.010000e-02 2.306276e+02
1.030000e-02 2.306276e+02
1.051000e-02 2.306276e+02
1.072000e-02 2.306276e+02
1.093000e-02 2.306276e+02
1.115000e-02 2.306276e+02
1.138000e-02 2.306276e+02
1.160000e-02 2.306276e+02
1.183000e-02 2.306276e+02
1.207000e-02 2.306276e+02
1.231000e-02 2.306276e+02
1.256000e-02 2.306276e+02
1.281000e-02 2.306276e+02
1.307000e-02 2.306276e+02
1.333000e-02 2.306276e+02
1.359000e-02 2.306276e+02
1.387000e-02 2.306276e+02
1.414000e-02 2.306276e+02
1.443000e-02 2.306276e+02
1.471000e-02 2.306276e+02
1.501000e-02 2.306276e+02
1.531000e-02 2.306276e+02
1.562000e-02 2.306276e+02
1.593000e-02 2.306276e+02
1.625000e-02 2.306276e+02
1.657000e-02 2.306276e+02
1.690000e-02 2.306276e+02
1.724000e-02 2.306276e+02
1.759000e-02 2.306276e+02
1.794000e-02 2.306276e+02
1.830000e-02 2.306276e+02
1.866000e-02 2.306276e+02
1.904000e-02 2.306276e+02
1.942000e-02 2.306276e+02
1.980000e-02 2.306276e+02
2.020000e-02 2.306276e+02
2.060000e-02 2.306276e+02
2.102000e-02 2.306276e+02
2.144000e-02 2.306276e+02
2.187000e-02 2.306276e+02
2.230000e-02 2.306276e+02
2.275000e-02 2.306276e+02
2.320000e-02 2.306276e+02
2.367000e-02 2.306276e+02
2.414000e-02 2.306276e+02
2.462000e-02 2.306276e+02
2.512000e-02 2.306276e+02
2.562000e-02 2.306276e+02
2.613000e-02 2.306276e+02
2.665000e-02 2.306276e+02
2.719000e-02 2.306276e+02
2.773000e-02 2.306276e+02
2.829000e-02 2.306276e+02
2.885000e-02 2.306276e+02
2.943000e-02 2.306276e+02
3.002000e-02 2.306276e+02
3.062000e-02 2.306276e+02
3.123000e-02 2.306276e+02
3.185000e-02 2.306276e+02
3.249000e-02 2.306276e+02
3.314000e-02 2.306276e+02
3.380000e-02 2.306276e+02
3.448000e-02 2.306276e+02
3.517000e-02 2.306276e+02
3.587000e-02 2.306276e+02
3.659000e-02 2.306276e+02
3.732000e-02 2.306276e+02
3.807000e-02 2.306276e+02
3.883000e-02 2.306276e+02
3.961000e-02 2.306276e+02
4.040000e-02 2.306276e+02
4.121000e-02 2.306276e+02
4.203000e-02 2.306276e+02
4.287000e-02 2.306276e+02
4.373000e-02 2.306276e+02
4.460000e-02 2.306276e+02
4.550000e-02 2.306276e+02
4.641000e-02 2.306276e+02
4.733000e-02 2.306276e+02
4.828000e-02 2.306276e+02
4.925000e-02 2.306276e+02
5.023000e-02 2.306276e+02
5.124000e-02 2.306276e+02
5.226000e-02 2.306276e+02
5.331000e-02 2.306276e+02
5.437000e-02 2.306276e+02
5.546000e-02 2.306276e+02
5.657000e-02 2.306276e+02
5.770000e-02 2.306276e+02
5.885000e-02 2.306276e+02
6.003000e-02 2.306276e+02
6.123000e-02 2.306276e+02
6.246000e-02 2.306276e+02
6.370000e-02 2.306276e+02
6.498000e-02 2.306276e+02
6.628000e-02 2.306276e+02
6.760000e-02 2.306276e+02
6.896000e-02 2.306276e+02
7.034000e-02 2.306276e+02
7.174000e-02 2.306276e+02
7.318000e-02 2.306276e+02
7.464000e-02 2.306276e+02
7.613000e-02 2.306276e+02
7.766000e-02 2.306276e+02
7.921000e-02 2.306276e+02
8.079000e-02 2.306276e+02
8.241000e-02 2.306276e+02
8.406000e-02 2.306276e+02
8.574000e-02 2.306276e+02
8.745000e-02 2.306276e+02
8.920000e-02 2.306276e+02
9.099000e-02 2.306276e+02
9.281000e-02 2.306276e+02
9.466000e-02 2.306276e+02
9.656000e-02 2.306276e+02
9.849000e-02 2.306276e+02
1.005000e-01 2.306276e+02
1.025000e-01 2.306276e+02
1.045000e-01 2.306276e+02
1.066000e-01 2.306276e+02
1.087000e-01 2.306276e+02
1.109000e-01 2.306276e+02
1.131000e-01 2.306276e+02
1.154000e-01 2.306276e+02
1.177000e-01 2.306276e+02
1.201000e-01 2.306276e+02
1.225000e-01 2.306276e+02
1.249000e-01 2.306276e+02
1.274000e-01 2.306276e+02
1.300000e-01 2.306276e+02
1.325000e-01 2.306276e+02
1.352000e-01 2.306276e+02
1.379000e-01 2.306276e+02
1.407000e-01 2.306276e+02
1.435000e-01 2.306276e+02
1.463000e-01 2.306276e+02
1.493000e-01 2.306276e+02
1.523000e-01 2.306276e+02
1.553000e-01 2.306276e+02
1.584000e-01 2.306276e+02
1.616000e-01 2.306276e+02
1.648000e-01 2.306276e+02
1.681000e-01 2.306276e+02
1.715000e-01 2.306276e+02
1.749000e-01 2.306276e+02
1.784000e-01 2.306276e+02
1.820000e-01 2.306276e+02
1.856000e-01 2.306276e+02
1.893000e-01 2.306276e+02
1.931000e-01 2.306276e+02
1.970000e-01 2.306276e+02
2.009000e-01 2.306276e+02
2.049000e-01 2.306276e+02
2.090000e-01 2.306276e+02
2.132000e-01 2.306276e+02
2.175000e-01 2.306276e+02
2.218000e-01 2.306276e+02
2.262000e-01 2.306276e+02
2.308000e-01 2.306276e+02
2.354000e-01 2.306276e+02
2.401000e-01 2.306276e+02
2.449000e-01 2.306276e+02
2.498000e-01 2.306276e+02
2.548000e-01 2.306276e+02
2.599000e-01 2.306276e+02
2.651000e-01 2.306276e+02
2.704000e-01 2.306276e+02
2.758000e-01 2.306276e+02
2.813000e-01 2.306276e+02
2.869000e-01 2.306276e+02
2.927000e-01 2.306276e+02
2.985000e-01 2.306276e+02
3.045000e-01 2.306276e+02
3.106000e-01 2.306276e+02
3.168000e-01 2.306276e+02
3.231000e-01 2.306276e+02
3.296000e-01 2.306276e+02
3.362000e-01 2.306276e+02
3.429000e-01 2.306276e+02
3.498000e-01 2.306276e+02
3.568000e-01 2.306276e+02
3.639000e-01 2.306276e+02
3.712000e-01 2.306276e+02
3.786000e-01 2.306276e+02
3.862000e-01 2.306276e+02
3.939000e-01 2.306276e+02
4.018000e-01 2.306276e+02
4.098000e-01 2.306276e+02
4.180000e-01 2.306276e+02
4.264000e-01 2.306276e+02
4.349000e-01 2.306276e+02
4.436000e-01 2.306276e+02
4.525000e-01 2.306276e+02
4.615000e-01 2.306276e+02
4.707000e-01 2.306276e+02
4.802000e-01 2.306276e+02
4.898000e-01 2.306276e+02
4.996000e-01 2.306276e+02
5.096000e-01 2.306276e+02
5.197000e-01 2.306276e+02
5.301000e-01 2.306276e+02
5.407000e-01 2.306276e+02
5.516000e-01 2.306276e+02
5.626000e-01 2.306276e+02
5.738000e-01 2.306276e+02
5.853000e-01 2.306276e+02
5.970000e-01 2.306276e+02
6.090000e-01 2.306276e+02
6.211000e-01 2.306276e+02
6.336000e-01 2.306276e+02
6.462000e-01 2.306276e+02
6.592000e-01 2.306276e+02
6.723000e-01 2.306276e+02
6.858000e-01 2.306276e+02
6.995000e-01 2.306276e+02
7.135000e-01 2.306276e+02
7.278000e-01 2.306276e+02
7.423000e-01 2.306276e+02
7.572000e-01 2.306276e+02
7.723000e-01 2.306276e+02
7.878000e-01 2.306276e+02
8.035000e-01 2.306276e+02
8.196000e-01 2.306276e+02
8.360000e-01 2.306276e+02
8.527000e-01 2.306276e+02
8.698000e-01 2.306276e+02
8.871000e-01 2.306276e+02
9.049000e-01 2.306276e+02
9.230000e-01 2.306276e+02
9.414000e-01 2.306276e+02
9.603000e-01 2.306276e+02
9.795000e-01 2.306276e+02
9.991000e-01 2.306276e+02
1.019000e+00 2.306276e+02
1.039000e+00 2.306276e+02
1.060000e+00 2.306276e+02
1.081000e+00 2.306276e+02
1.103000e+00 2.306276e+02
1.125000e+00 2.306276e+02
1.148000e+00 2.306276e+02
1.171000e+00 2.306276e+02
1.194000e+00 2.306276e+02
1.218000e+00 2.306276e+02
1.242000e+00 2.306276e+02
1.267000e+00 2.306276e+02
1.292000e+00 2.306276e+02
1.318000e+00 2.306276e+02
1.345000e+00 2.306276e+02
1.372000e+00 2.306276e+02
1.399000e+00 2.306276e+02
1.427000e+00 2.306276e+02
1.455000e+00 2.306276e+02
1.485000e+00 2.306276e+02
1.514000e+00 2.306276e+02
1.545000e+00 2.306276e+02
1.575000e+00 2.306276e+02
1.607000e+00 2.306276e+02
1.639000e+00 2.306276e+02
1.672000e+00 2.306276e+02
1.705000e+00 2.306276e+02
1.739000e+00 2.306276e+02
1.774000e+00 2.306276e+02
1.810000e+00 2.306276e+02
1.846000e+00 2.306276e+02
1.883000e+00 2.306276e+02
1.920000e+00 2.306276e+02
1.959000e+00 2.306276e+02
1.998000e+00 2.306276e+02
2.038000e+00 2.306276e+02
2.079000e+00 2.306276e+02
2.120000e+00 2.306276e+02
2.163000e+00 2.306276e+02
2.206000e+00 2.306276e+02
2.250000e+00 2.306276e+02
2.295000e+00 2.306276e+02
2.341000e+00 2.306276e+02
2.388000e+00 2.306276e+02
2.436000e+00 2.306276e+02
2.484000e+00 2.306276e+02
2.534000e+00 2.306276e+02
2.585000e+00 2.306276e+02
2.636000e+00 2.306276e+02
2.689000e+00 2.306276e+02
2.743000e+00 2.306276e+02
2.798000e+00 2.306276e+02
2.854000e+00 2.306276e+02
2.911000e+00 2.306276e+02
2.969000e+00 2.306276e+02
3.028000e+00 2.306276e+02
3.089000e+00 2.306276e+02
3.151000e+00 2.306276e+02
3.214000e+00 2.306276e+02
3.278000e+00 2.306276e+02
3.344000e+00 2.306276e+02
3.410000e+00 2.306276e+02
3.479000e+00 2.306276e+02
3.548000e+00 2.306276e+02
3.619000e+00 2.306276e+02
3.692000e+00 2.306276e+02
3.765000e+00 2.306276e+02
3.841000e+00 2.306276e+02
3.917000e+00 2.306276e+02
3.996000e+00 2.306276e+02
4.076000e+00 2.306276e+02
4.157000e+00 2.306276e+02
4.240000e+00 2.306276e+02
4.325000e+00 2.306276e+02
4.412000e+00 2.306276e+02
4.500000e+00 2.306276e+02
4.590000e+00 2.306276e+02
4.682000e+00 2.306276e+02
4.775000e+00 2.306276e+02
4.871000e+00 2.306276e+02
4.968000e+00 2.306276e+02
5.068000e+00 2.306276e+02
5.169000e+00 2.306276e+02
5.272000e+00 2.306276e+02
5.378000e+00 2.306276e+02
5.485000e+00 2.306276e+02
5.595000e+00 2.306276e+02
5.707000e+00 2.306276e+02
5.821000e+00 2.306276e+02
5.938000e+00 2.306276e+02
6.056000e+00 2.306276e+02
6.177000e+00 2.306276e+02
6.301000e+00 2.306276e+02
6.427000e+00 2.306276e+02
6.556000e+00 2.306276e+02
6.687000e+00 2.306276e+02
6.820000e+00 2.306276e+02
6.957000e+00 2.306276e+02
7.096000e+00 2.306276e+02
7.238000e+00 2.306276e+02
7.383000e+00 2.306276e+02
7.530000e+00 2.306276e+02
7.681000e+00 2.306276e+02
7.835000e+00 2.306276e+02
7.991000e+00 2.306276e+02
8.151000e+00 2.306276e+02
8.314000e+00 2.306276e+02
8.480000e+00 2.306276e+02
8.650000e+00 2.306276e+02
8.823000e+00 2.306276e+02
8.999000e+00 2.306276e+02
9.179000e+00 2.306276e+02
9.363000e+00 2.306276e+02
9.550000e+00 2.306276e+02
9.741000e+00 2.306276e+02
9.936000e+00 2.306276e+02
1.013000e+01 2.306276e+02
1.034000e+01 2.306276e+02
1.054000e+01 2.306276e+02
1.076000e+01 2.306276e+02
1.097000e+01 2.306276e+02
1.119000e+01 2.306276e+02
1.141000e+01 2.306276e+02
1.164000e+01 2.306276e+02
1.187000e+01 2.306276e+02
1.211000e+01 2.306276e+02
1.235000e+01 2.306276e+02
1.260000e+01 2.306276e+02
1.285000e+01 2.306276e+02
1.311000e+01 2.306276e+02
1.337000e+01 2.306276e+02
1.364000e+01 2.306276e+02
1.391000e+01 2.306276e+02
1.419000e+01 2.306276e+02
1.448000e+01 2.306276e+02
1.476000e+01 2.306276e+02
1.506000e+01 2.306276e+02
1.536000e+01 2.306276e+02
1.567000e+01 2.306276e+02
1.598000e+01 2.306276e+02
1.630000e+01 2.306276e+02
1.663000e+01 2.306276e+02
1.696000e+01 2.306276e+02
1.730000e+01 2.306276e+02
1.764000e+01 2.306276e+02
1.800000e+01 2.306276e+02
1.836000e+01 2.306276e+02
1.872000e+01 2.306276e+02
1.910000e+01 2.306276e+02
1.948000e+01 2.306276e+02
1.987000e+01 2.306276e+02
2.027000e+01 2.306276e+02
2.067000e+01 2.306276e+02
2.109000e+01 2.306276e+02
2.151000e+01 2.306276e+02
2.194000e+01 2.306276e+02
2.238000e+01 2.306276e+02
2.283000e+01 2.306276e+02
2.328000e+01 2.306276e+02
2.375000e+01 2.306276e+02
2.422000e+01 2.306276e+02
2.471000e+01 2.306276e+02
2.520000e+01 2.306276e+02
2.571000e+01 2.306276e+02
2.622000e+01 2.306276e+02
2.674000e+01 2.306276e+02
2.728000e+01 2.306276e+02
2.782000e+01 2.306276e+02
2.838000e+01 2.306276e+02
2.895000e+01 2.306276e+02
2.953000e+01 2.306276e+02
3.012000e+01 2.306276e+02
3.072000e+01 2.306276e+02
3.133000e+01 2.306276e+02
3.196000e+01 2.306276e+02
3.260000e+01 2.306276e+02
3.325000e+01 2.306276e+02
3.392000e+01 2.306276e+02
3.460000e+01 2.306276e+02
3.529000e+01 2.306276e+02
3.599000e+01 2.306276e+02
3.671000e+01 2.306276e+02
3.745000e+01 2.306276e+02
3.820000e+01 2.306276e+02
3.896000e+01 2.306276e+02
3.974000e+01 2.306276e+02
4.053000e+01 2.306276e+02
4.135000e+01 2.306276e+02
4.217000e+01 2.306276e+02
4.302000e+01 2.306276e+02
4.388000e+01 2.306276e+02
4.475000e+01 2.306276e+02
4.565000e+01 2.306276e+02
4.656000e+01 2.306276e+02
4.749000e+01 2.306276e+02
4.844000e+01 2.306276e+02
4.941000e+01 2.306276e+02
5.040000e+01 2.306276e+02
5.141000e+01 2.306276e+02
5.244000e+01 2.306276e+02
5.348000e+01 2.306276e+02
5.455000e+01 2.306276e+02
5.565000e+01 2.306276e+02
5.676000e+01 2.306276e+02
5.789000e+01 2.306276e+02
5.905000e+01 2.306276e+02
6.023000e+01 2.306276e+02
6.144000e+01 2.306276e+02
6.267000e+01 2.306276e+02
6.392000e+01 2.306276e+02
6.520000e+01 2.306276e+02
6.650000e+01 2.306276e+02
6.783000e+01 2.306276e+02
6.919000e+01 2.306276e+02
7.057000e+01 2.306276e+02
7.198000e+01 2.306276e+02
7.342000e+01 2.306276e+02
7.489000e+01 2.306276e+02
7.639000e+01 2.306276e+02
7.792000e+01 2.306276e+02
7.948000e+01 2.306276e+02
8.107000e+01 2.306276e+02
8.269000e+01 2.306276e+02
8.434000e+01 2.306276e+02
8.603000e+01 2.306276e+02
8.775000e+01 2.306276e+02
8.950000e+01 2.306276e+02
9.129000e+01 2.306276e+02
9.312000e+01 2.306276e+02
9.498000e+01 2.306276e+02
9.688000e+01 2.306276e+02
9.882000e+01 2.306276e+02
1.008000e+02 2.306276e+02
