t PL
0.000000e+00 2.196359e+01
1.000000e-13 2.196359e+01
2.020000e-13 2.196359e+01
3.060000e-13 2.196359e+01
4.122000e-13 2.196359e+01
5.204000e-13 2.196359e+01
6.308000e-13 2.196359e+01
7.434000e-13 2.196359e+01
8.583000e-13 2.196359e+01
9.755000e-13 2.196359e+01
1.095000e-12 2.196359e+01
1.217000e-12 2.196359e+01
1.341000e-12 2.196359e+01
1.468000e-12 2.196359e+01
1.597000e-12 2.196359e+01
1.729000e-12 2.196359e+01
1.864000e-12 2.196359e+01
2.001000e-12 2.196359e+01
2.141000e-12 2.196359e+01
2.284000e-12 2.196359e+01
2.430000e-12 2.196359e+01
2.578000e-12 2.196359e+01
2.730000e-12 2.196359e+01
2.884000e-12 2.196359e+01
3.042000e-12 2.196359e+01
3.203000e-12 2.196359e+01
3.367000e-12 2.196359e+01
3.534000e-12 2.196359e+01
3.705000e-12 2.196359e+01
3.879000e-12 2.196359e+01
4.057000e-12 2.196360e+01
4.238000e-12 2.196360e+01
4.423000e-12 2.196360e+01
4.611000e-12 2.196360e+01
4.803000e-12 2.196360e+01
4.999000e-12 2.196360e+01
5.199000e-12 2.196360e+01
5.403000e-12 2.196360e+01
5.611000e-12 2.196360e+01
5.824000e-12 2.196360e+01
6.040000e-12 2.196360e+01
6.261000e-12 2.196360e+01
6.486000e-12 2.196360e+01
6.716000e-12 2.196360e+01
6.950000e-12 2.196360e+01
7.189000e-12 2.196360e+01
7.433000e-12 2.196360e+01
7.682000e-12 2.196360e+01
7.935000e-12 2.196361e+01
8.194000e-12 2.196361e+01
8.458000e-12 2.196361e+01
8.727000e-12 2.196361e+01
9.002000e-12 2.196361e+01
9.282000e-12 2.196361e+01
9.567000e-12 2.196361e+01
9.859000e-12 2.196361e+01
1.016000e-11 2.196361e+01
1.046000e-11 2.196361e+01
1.077000e-11 2.196361e+01
1.108000e-11 2.196361e+01
1.141000e-11 2.196361e+01
1.173000e-11 2.196362e+01
1.207000e-11 2.196362e+01
1.241000e-11 2.196362e+01
1.276000e-11 2.196362e+01
1.311000e-11 2.196362e+01
1.347000e-11 2.196362e+01
1.384000e-11 2.196362e+01
1.422000e-11 2.196362e+01
1.461000e-11 2.196362e+01
1.500000e-11 2.196362e+01
1.540000e-11 2.196362e+01
1.581000e-11 2.196363e+01
1.622000e-11 2.196363e+01
1.665000e-11 2.196363e+01
1.708000e-11 2.196363e+01
1.752000e-11 2.196363e+01
1.797000e-11 2.196363e+01
1.843000e-11 2.196363e+01
1.890000e-11 2.196363e+01
1.938000e-11 2.196363e+01
1.986000e-11 2.196364e+01
2.036000e-11 2.196364e+01
2.087000e-11 2.196364e+01
2.139000e-11 2.196364e+01
2.191000e-11 2.196364e+01
2.245000e-11 2.196364e+01
2.300000e-11 2.196364e+01
2.356000e-11 2.196365e+01
2.413000e-11 2.196365e+01
2.472000e-11 2.196365e+01
2.531000e-11 2.196365e+01
2.592000e-11 2.196365e+01
2.653000e-11 2.196365e+01
2.717000e-11 2.196365e+01
2.781000e-11 2.196366e+01
2.846000e-11 2.196366e+01
2.913000e-11 2.196366e+01
2.982000e-11 2.196366e+01
3.051000e-11 2.196366e+01
3.122000e-11 2.196366e+01
3.195000e-11 2.196367e+01
3.269000e-11 2.196367e+01
3.344000e-11 2.196367e+01
3.421000e-11 2.196367e+01
3.499000e-11 2.196367e+01
3.579000e-11 2.196368e+01
3.661000e-11 2.196368e+01
3.744000e-11 2.196368e+01
3.829000e-11 2.196368e+01
3.916000e-11 2.196368e+01
4.004000e-11 2.196369e+01
4.094000e-11 2.196369e+01
4.186000e-11 2.196369e+01
4.280000e-11 2.196369e+01
4.375000e-11 2.196369e+01
4.473000e-11 2.196370e+01
4.572000e-11 2.196370e+01
4.674000e-11 2.196370e+01
4.777000e-11 2.196370e+01
4.883000e-11 2.196371e+01
4.990000e-11 2.196371e+01
5.100000e-11 2.196371e+01
5.212000e-11 2.196371e+01
5.326000e-11 2.196372e+01
5.443000e-11 2.196372e+01
5.562000e-11 2.196372e+01
5.683000e-11 2.196373e+01
5.807000e-11 2.196373e+01
5.933000e-11 2.196373e+01
6.061000e-11 2.196373e+01
6.193000e-11 2.196374e+01
6.326000e-11 2.196374e+01
6.463000e-11 2.196374e+01
6.602000e-11 2.196375e+01
6.744000e-11 2.196375e+01
6.889000e-11 2.196375e+01
7.037000e-11 2.196376e+01
7.188000e-11 2.196376e+01
7.341000e-11 2.196376e+01
7.498000e-11 2.196377e+01
7.658000e-11 2.196377e+01
7.821000e-11 2.196377e+01
7.988000e-11 2.196378e+01
8.158000e-11 2.196378e+01
8.331000e-11 2.196379e+01
8.507000e-11 2.196379e+01
8.687000e-11 2.196379e+01
8.871000e-11 2.196380e+01
9.059000e-11 2.196380e+01
9.250000e-11 2.196381e+01
9.445000e-11 2.196381e+01
9.644000e-11 2.196381e+01
9.847000e-11 2.196382e+01
1.005000e-10 2.196382e+01
1.026000e-10 2.196383e+01
1.048000e-10 2.196383e+01
1.070000e-10 2.196384e+01
1.092000e-10 2.196384e+01
1.115000e-10 2.196385e+01
1.138000e-10 2.196385e+01
1.162000e-10 2.196386e+01
1.187000e-10 2.196386e+01
1.211000e-10 2.196387e+01
1.236000e-10 2.196387e+01
1.262000e-10 2.196388e+01
1.288000e-10 2.196388e+01
1.315000e-10 2.196389e+01
1.343000e-10 2.196389e+01
1.370000e-10 2.196390e+01
1.399000e-10 2.196391e+01
1.428000e-10 2.196391e+01
1.457000e-10 2.196392e+01
1.487000e-10 2.196392e+01
1.518000e-10 2.196393e+01
1.550000e-10 2.196394e+01
1.582000e-10 2.196394e+01
1.614000e-10 2.196395e+01
1.647000e-10 2.196396e+01
1.681000e-10 2.196396e+01
1.716000e-10 2.196397e+01
1.751000e-10 2.196398e+01
1.787000e-10 2.196398e+01
1.824000e-10 2.196399e+01
1.862000e-10 2.196400e+01
1.900000e-10 2.196401e+01
1.939000e-10 2.196401e+01
1.979000e-10 2.196402e+01
2.019000e-10 2.196403e+01
2.061000e-10 2.196404e+01
2.103000e-10 2.196405e+01
2.146000e-10 2.196405e+01
2.190000e-10 2.196406e+01
2.235000e-10 2.196407e+01
2.280000e-10 2.196408e+01
2.327000e-10 2.196409e+01
2.374000e-10 2.196410e+01
2.423000e-10 2.196411e+01
2.472000e-10 2.196412e+01
2.523000e-10 2.196413e+01
2.574000e-10 2.196413e+01
2.627000e-10 2.196414e+01
2.680000e-10 2.196415e+01
2.735000e-10 2.196416e+01
2.791000e-10 2.196417e+01
2.847000e-10 2.196418e+01
2.905000e-10 2.196420e+01
2.964000e-10 2.196421e+01
3.025000e-10 2.196422e+01
3.086000e-10 2.196423e+01
3.149000e-10 2.196424e+01
3.213000e-10 2.196425e+01
3.278000e-10 2.196426e+01
3.345000e-10 2.196427e+01
3.413000e-10 2.196429e+01
3.482000e-10 2.196430e+01
3.553000e-10 2.196431e+01
3.625000e-10 2.196432e+01
3.698000e-10 2.196434e+01
3.773000e-10 2.196435e+01
3.849000e-10 2.196436e+01
3.927000e-10 2.196437e+01
4.007000e-10 2.196439e+01
4.088000e-10 2.196440e+01
4.171000e-10 2.196442e+01
4.255000e-10 2.196443e+01
4.341000e-10 2.196444e+01
4.429000e-10 2.196446e+01
4.519000e-10 2.196447e+01
4.610000e-10 2.196449e+01
4.703000e-10 2.196450e+01
4.799000e-10 2.196452e+01
4.895000e-10 2.196454e+01
4.994000e-10 2.196455e+01
5.095000e-10 2.196457e+01
5.198000e-10 2.196458e+01
5.303000e-10 2.196460e+01
5.410000e-10 2.196462e+01
5.519000e-10 2.196464e+01
5.631000e-10 2.196465e+01
5.744000e-10 2.196467e+01
5.860000e-10 2.196469e+01
5.979000e-10 2.196471e+01
6.099000e-10 2.196473e+01
6.222000e-10 2.196475e+01
6.348000e-10 2.196477e+01
6.475000e-10 2.196479e+01
6.606000e-10 2.196481e+01
6.739000e-10 2.196483e+01
6.875000e-10 2.196485e+01
7.013000e-10 2.196487e+01
7.155000e-10 2.196489e+01
7.299000e-10 2.196491e+01
7.446000e-10 2.196493e+01
7.596000e-10 2.196496e+01
7.749000e-10 2.196498e+01
7.905000e-10 2.196500e+01
8.064000e-10 2.196503e+01
8.226000e-10 2.196505e+01
8.391000e-10 2.196507e+01
8.560000e-10 2.196510e+01
8.732000e-10 2.196512e+01
8.908000e-10 2.196515e+01
9.087000e-10 2.196518e+01
9.270000e-10 2.196520e+01
9.456000e-10 2.196523e+01
9.647000e-10 2.196526e+01
9.840000e-10 2.196528e+01
1.004000e-09 2.196531e+01
1.024000e-09 2.196534e+01
1.045000e-09 2.196537e+01
1.066000e-09 2.196540e+01
1.087000e-09 2.196543e+01
1.109000e-09 2.196546e+01
1.131000e-09 2.196549e+01
1.154000e-09 2.196552e+01
1.177000e-09 2.196556e+01
1.201000e-09 2.196559e+01
1.225000e-09 2.196562e+01
1.249000e-09 2.196566e+01
1.274000e-09 2.196569e+01
1.300000e-09 2.196573e+01
1.326000e-09 2.196576e+01
1.353000e-09 2.196580e+01
1.380000e-09 2.196584e+01
1.408000e-09 2.196587e+01
1.436000e-09 2.196591e+01
1.465000e-09 2.196595e+01
1.494000e-09 2.196599e+01
1.524000e-09 2.196603e+01
1.555000e-09 2.196607e+01
1.586000e-09 2.196611e+01
1.618000e-09 2.196616e+01
1.650000e-09 2.196620e+01
1.683000e-09 2.196624e+01
1.717000e-09 2.196629e+01
1.751000e-09 2.196633e+01
1.787000e-09 2.196638e+01
1.822000e-09 2.196643e+01
1.859000e-09 2.196647e+01
1.896000e-09 2.196652e+01
1.934000e-09 2.196657e+01
1.973000e-09 2.196662e+01
2.013000e-09 2.196667e+01
2.053000e-09 2.196673e+01
2.094000e-09 2.196678e+01
2.136000e-09 2.196683e+01
2.179000e-09 2.196689e+01
2.223000e-09 2.196695e+01
2.267000e-09 2.196700e+01
2.313000e-09 2.196706e+01
2.359000e-09 2.196712e+01
2.406000e-09 2.196718e+01
2.454000e-09 2.196724e+01
2.504000e-09 2.196730e+01
2.554000e-09 2.196737e+01
2.605000e-09 2.196743e+01
2.657000e-09 2.196750e+01
2.710000e-09 2.196757e+01
2.765000e-09 2.196764e+01
2.820000e-09 2.196770e+01
2.877000e-09 2.196778e+01
2.934000e-09 2.196785e+01
2.993000e-09 2.196792e+01
3.053000e-09 2.196800e+01
3.114000e-09 2.196807e+01
3.176000e-09 2.196815e+01
3.240000e-09 2.196823e+01
3.305000e-09 2.196831e+01
3.371000e-09 2.196839e+01
3.439000e-09 2.196848e+01
3.508000e-09 2.196856e+01
3.578000e-09 2.196865e+01
3.649000e-09 2.196874e+01
3.723000e-09 2.196883e+01
3.797000e-09 2.196892e+01
3.873000e-09 2.196901e+01
3.951000e-09 2.196911e+01
4.030000e-09 2.196921e+01
4.111000e-09 2.196931e+01
4.193000e-09 2.196941e+01
4.277000e-09 2.196951e+01
4.362000e-09 2.196962e+01
4.450000e-09 2.196972e+01
4.539000e-09 2.196983e+01
4.630000e-09 2.196994e+01
4.722000e-09 2.197006e+01
4.817000e-09 2.197017e+01
4.913000e-09 2.197029e+01
5.012000e-09 2.197041e+01
5.112000e-09 2.197053e+01
5.215000e-09 2.197066e+01
5.319000e-09 2.197078e+01
5.425000e-09 2.197091e+01
5.534000e-09 2.197104e+01
5.645000e-09 2.197118e+01
5.758000e-09 2.197131e+01
5.873000e-09 2.197145e+01
5.991000e-09 2.197160e+01
6.110000e-09 2.197174e+01
6.233000e-09 2.197189e+01
6.358000e-09 2.197204e+01
6.485000e-09 2.197219e+01
6.615000e-09 2.197235e+01
6.747000e-09 2.197251e+01
6.882000e-09 2.197267e+01
7.020000e-09 2.197283e+01
7.160000e-09 2.197300e+01
7.304000e-09 2.197317e+01
7.450000e-09 2.197335e+01
7.599000e-09 2.197353e+01
7.751000e-09 2.197371e+01
7.906000e-09 2.197389e+01
8.064000e-09 2.197408e+01
8.226000e-09 2.197428e+01
8.390000e-09 2.197447e+01
8.558000e-09 2.197467e+01
8.729000e-09 2.197488e+01
8.904000e-09 2.197508e+01
9.082000e-09 2.197530e+01
9.264000e-09 2.197551e+01
9.449000e-09 2.197573e+01
9.639000e-09 2.197596e+01
9.831000e-09 2.197619e+01
1.003000e-08 2.197642e+01
1.023000e-08 2.197666e+01
1.043000e-08 2.197690e+01
1.064000e-08 2.197715e+01
1.086000e-08 2.197741e+01
1.107000e-08 2.197765e+01
1.129000e-08 2.197791e+01
1.152000e-08 2.197819e+01
1.175000e-08 2.197846e+01
1.199000e-08 2.197874e+01
1.223000e-08 2.197903e+01
1.247000e-08 2.197931e+01
1.272000e-08 2.197961e+01
1.297000e-08 2.197990e+01
1.323000e-08 2.198021e+01
1.350000e-08 2.198053e+01
1.377000e-08 2.198084e+01
1.404000e-08 2.198116e+01
1.432000e-08 2.198149e+01
1.461000e-08 2.198183e+01
1.490000e-08 2.198218e+01
1.520000e-08 2.198253e+01
1.551000e-08 2.198290e+01
1.582000e-08 2.198326e+01
1.613000e-08 2.198363e+01
1.646000e-08 2.198401e+01
1.678000e-08 2.198439e+01
1.712000e-08 2.198479e+01
1.746000e-08 2.198519e+01
1.781000e-08 2.198560e+01
1.817000e-08 2.198603e+01
1.853000e-08 2.198645e+01
1.890000e-08 2.198689e+01
1.928000e-08 2.198734e+01
1.967000e-08 2.198779e+01
2.006000e-08 2.198825e+01
2.046000e-08 2.198872e+01
2.087000e-08 2.198921e+01
2.129000e-08 2.198970e+01
2.171000e-08 2.199020e+01
2.215000e-08 2.199071e+01
2.259000e-08 2.199123e+01
2.304000e-08 2.199176e+01
2.350000e-08 2.199230e+01
2.397000e-08 2.199285e+01
2.445000e-08 2.199342e+01
2.494000e-08 2.199399e+01
2.544000e-08 2.199458e+01
2.595000e-08 2.199518e+01
2.647000e-08 2.199579e+01
2.700000e-08 2.199642e+01
2.754000e-08 2.199705e+01
2.809000e-08 2.199770e+01
2.865000e-08 2.199836e+01
2.923000e-08 2.199904e+01
2.981000e-08 2.199972e+01
3.041000e-08 2.200042e+01
3.102000e-08 2.200114e+01
3.164000e-08 2.200187e+01
3.227000e-08 2.200261e+01
3.291000e-08 2.200336e+01
3.357000e-08 2.200413e+01
3.424000e-08 2.200492e+01
3.493000e-08 2.200573e+01
3.563000e-08 2.200655e+01
3.634000e-08 2.200739e+01
3.707000e-08 2.200824e+01
3.781000e-08 2.200911e+01
3.856000e-08 2.200999e+01
3.934000e-08 2.201090e+01
4.012000e-08 2.201182e+01
4.093000e-08 2.201277e+01
4.174000e-08 2.201372e+01
4.258000e-08 2.201470e+01
4.343000e-08 2.201570e+01
4.430000e-08 2.201672e+01
4.519000e-08 2.201776e+01
4.609000e-08 2.201882e+01
4.701000e-08 2.201990e+01
4.795000e-08 2.202100e+01
4.891000e-08 2.202212e+01
4.989000e-08 2.202327e+01
5.089000e-08 2.202444e+01
5.190000e-08 2.202563e+01
5.294000e-08 2.202684e+01
5.400000e-08 2.202809e+01
5.508000e-08 2.202935e+01
5.618000e-08 2.203064e+01
5.731000e-08 2.203196e+01
5.845000e-08 2.203330e+01
5.962000e-08 2.203467e+01
6.082000e-08 2.203607e+01
6.203000e-08 2.203749e+01
6.327000e-08 2.203894e+01
6.454000e-08 2.204043e+01
6.583000e-08 2.204193e+01
6.715000e-08 2.204348e+01
6.849000e-08 2.204505e+01
6.986000e-08 2.204665e+01
7.126000e-08 2.204829e+01
7.268000e-08 2.204995e+01
7.414000e-08 2.205166e+01
7.562000e-08 2.205339e+01
7.713000e-08 2.205515e+01
7.867000e-08 2.205696e+01
8.025000e-08 2.205880e+01
8.185000e-08 2.206067e+01
8.349000e-08 2.206259e+01
8.516000e-08 2.206454e+01
8.686000e-08 2.206653e+01
8.860000e-08 2.206856e+01
9.037000e-08 2.207063e+01
9.218000e-08 2.207275e+01
9.402000e-08 2.207490e+01
9.590000e-08 2.207709e+01
9.782000e-08 2.207934e+01
9.978000e-08 2.208163e+01
1.018000e-07 2.208399e+01
1.038000e-07 2.208632e+01
1.059000e-07 2.208877e+01
1.080000e-07 2.209122e+01
1.102000e-07 2.209379e+01
1.124000e-07 2.209636e+01
1.146000e-07 2.209893e+01
1.169000e-07 2.210161e+01
1.192000e-07 2.210430e+01
1.216000e-07 2.210709e+01
1.241000e-07 2.211001e+01
1.265000e-07 2.211281e+01
1.291000e-07 2.211584e+01
1.317000e-07 2.211887e+01
1.343000e-07 2.212190e+01
1.370000e-07 2.212505e+01
1.397000e-07 2.212820e+01
1.425000e-07 2.213146e+01
1.454000e-07 2.213484e+01
1.483000e-07 2.213821e+01
1.512000e-07 2.214159e+01
1.543000e-07 2.214520e+01
1.573000e-07 2.214869e+01
1.605000e-07 2.215242e+01
1.637000e-07 2.215614e+01
1.670000e-07 2.215998e+01
1.703000e-07 2.216382e+01
1.737000e-07 2.216777e+01
1.772000e-07 2.217184e+01
1.807000e-07 2.217591e+01
1.844000e-07 2.218021e+01
1.880000e-07 2.218439e+01
1.918000e-07 2.218880e+01
1.956000e-07 2.219321e+01
1.995000e-07 2.219774e+01
2.035000e-07 2.220239e+01
2.076000e-07 2.220714e+01
2.118000e-07 2.221202e+01
2.160000e-07 2.221689e+01
2.203000e-07 2.222187e+01
2.247000e-07 2.222697e+01
2.292000e-07 2.223217e+01
2.338000e-07 2.223749e+01
2.385000e-07 2.224290e+01
2.433000e-07 2.224843e+01
2.481000e-07 2.225396e+01
2.531000e-07 2.225971e+01
2.581000e-07 2.226547e+01
2.633000e-07 2.227145e+01
2.686000e-07 2.227754e+01
2.739000e-07 2.228363e+01
2.794000e-07 2.228995e+01
2.850000e-07 2.229638e+01
2.907000e-07 2.230292e+01
2.965000e-07 2.230956e+01
3.025000e-07 2.231644e+01
3.085000e-07 2.232331e+01
3.147000e-07 2.233041e+01
3.210000e-07 2.233762e+01
3.274000e-07 2.234494e+01
3.339000e-07 2.235236e+01
3.406000e-07 2.236002e+01
3.474000e-07 2.236778e+01
3.544000e-07 2.237577e+01
3.615000e-07 2.238387e+01
3.687000e-07 2.239208e+01
3.761000e-07 2.240050e+01
3.836000e-07 2.240904e+01
3.913000e-07 2.241780e+01
3.991000e-07 2.242666e+01
4.071000e-07 2.243575e+01
4.152000e-07 2.244494e+01
4.235000e-07 2.245436e+01
4.320000e-07 2.246399e+01
4.406000e-07 2.247374e+01
4.494000e-07 2.248370e+01
4.584000e-07 2.249387e+01
4.676000e-07 2.250427e+01
4.769000e-07 2.251477e+01
4.865000e-07 2.252561e+01
4.962000e-07 2.253654e+01
5.061000e-07 2.254770e+01
5.163000e-07 2.255917e+01
5.266000e-07 2.257075e+01
5.371000e-07 2.258255e+01
5.479000e-07 2.259467e+01
5.588000e-07 2.260690e+01
5.700000e-07 2.261945e+01
5.814000e-07 2.263220e+01
5.930000e-07 2.264518e+01
6.049000e-07 2.265846e+01
6.170000e-07 2.267196e+01
6.293000e-07 2.268568e+01
6.419000e-07 2.269970e+01
6.547000e-07 2.271395e+01
6.678000e-07 2.272850e+01
6.812000e-07 2.274336e+01
6.948000e-07 2.275845e+01
7.087000e-07 2.277383e+01
7.229000e-07 2.278953e+01
7.373000e-07 2.280544e+01
7.521000e-07 2.282176e+01
7.671000e-07 2.283827e+01
7.825000e-07 2.285522e+01
7.981000e-07 2.287236e+01
8.141000e-07 2.288991e+01
8.304000e-07 2.290777e+01
8.470000e-07 2.292593e+01
8.639000e-07 2.294438e+01
8.812000e-07 2.296324e+01
8.988000e-07 2.298242e+01
9.168000e-07 2.300199e+01
9.351000e-07 2.302184e+01
9.538000e-07 2.304210e+01
9.729000e-07 2.306277e+01
9.924000e-07 2.308384e+01
1.012000e-06 2.310497e+01
1.032000e-06 2.312648e+01
1.053000e-06 2.314904e+01
1.074000e-06 2.317156e+01
1.096000e-06 2.319510e+01
1.118000e-06 2.321860e+01
1.140000e-06 2.324205e+01
1.163000e-06 2.326651e+01
1.186000e-06 2.329093e+01
1.210000e-06 2.331635e+01
1.234000e-06 2.334171e+01
1.259000e-06 2.336808e+01
1.284000e-06 2.339438e+01
1.309000e-06 2.342063e+01
1.336000e-06 2.344890e+01
1.362000e-06 2.347606e+01
1.390000e-06 2.350524e+01
1.417000e-06 2.353330e+01
1.446000e-06 2.356337e+01
1.475000e-06 2.359335e+01
1.504000e-06 2.362326e+01
1.534000e-06 2.365411e+01
1.565000e-06 2.368590e+01
1.596000e-06 2.371760e+01
1.628000e-06 2.375022e+01
1.661000e-06 2.378376e+01
1.694000e-06 2.381721e+01
1.728000e-06 2.385156e+01
1.762000e-06 2.388579e+01
1.798000e-06 2.392193e+01
1.833000e-06 2.395694e+01
1.870000e-06 2.399383e+01
1.908000e-06 2.403158e+01
1.946000e-06 2.406920e+01
1.985000e-06 2.410767e+01
2.024000e-06 2.414600e+01
2.065000e-06 2.418613e+01
2.106000e-06 2.422612e+01
2.148000e-06 2.426691e+01
2.191000e-06 2.430851e+01
2.235000e-06 2.435090e+01
2.280000e-06 2.439408e+01
2.325000e-06 2.443706e+01
2.372000e-06 2.448176e+01
2.419000e-06 2.452626e+01
2.468000e-06 2.457243e+01
2.517000e-06 2.461839e+01
2.567000e-06 2.466507e+01
2.619000e-06 2.471337e+01
2.671000e-06 2.476143e+01
2.724000e-06 2.481016e+01
2.779000e-06 2.486047e+01
2.835000e-06 2.491141e+01
2.891000e-06 2.496207e+01
2.949000e-06 2.501425e+01
3.008000e-06 2.506703e+01
3.068000e-06 2.512039e+01
3.130000e-06 2.517519e+01
3.192000e-06 2.522967e+01
3.256000e-06 2.528554e+01
3.321000e-06 2.534193e+01
3.388000e-06 2.539967e+01
3.455000e-06 2.545703e+01
3.524000e-06 2.551569e+01
3.595000e-06 2.557563e+01
3.667000e-06 2.563598e+01
3.740000e-06 2.569673e+01
3.815000e-06 2.575867e+01
3.891000e-06 2.582096e+01
3.969000e-06 2.588439e+01
4.048000e-06 2.594813e+01
4.129000e-06 2.601294e+01
4.212000e-06 2.607878e+01
4.296000e-06 2.614487e+01
4.382000e-06 2.621193e+01
4.470000e-06 2.627995e+01
4.559000e-06 2.634811e+01
4.650000e-06 2.641715e+01
4.743000e-06 2.648704e+01
4.838000e-06 2.655773e+01
4.935000e-06 2.662919e+01
5.034000e-06 2.670137e+01
5.134000e-06 2.677353e+01
5.237000e-06 2.684706e+01
5.342000e-06 2.692120e+01
5.449000e-06 2.699590e+01
5.558000e-06 2.707114e+01
5.669000e-06 2.714686e+01
5.782000e-06 2.722302e+01
5.898000e-06 2.730026e+01
6.016000e-06 2.737784e+01
6.136000e-06 2.745574e+01
6.259000e-06 2.753453e+01
6.384000e-06 2.761354e+01
6.512000e-06 2.769334e+01
6.642000e-06 2.777326e+01
6.775000e-06 2.785385e+01
6.910000e-06 2.793446e+01
7.048000e-06 2.801564e+01
7.189000e-06 2.809731e+01
7.333000e-06 2.817941e+01
7.480000e-06 2.826189e+01
7.629000e-06 2.834412e+01
7.782000e-06 2.842715e+01
7.938000e-06 2.851036e+01
8.096000e-06 2.859317e+01
8.258000e-06 2.867656e+01
8.424000e-06 2.876044e+01
8.592000e-06 2.884375e+01
8.764000e-06 2.892741e+01
8.939000e-06 2.901087e+01
9.118000e-06 2.909454e+01
9.300000e-06 2.917787e+01
9.486000e-06 2.926126e+01
9.676000e-06 2.934462e+01
9.870000e-06 2.942788e+01
1.007000e-05 2.951177e+01
1.027000e-05 2.959376e+01
1.047000e-05 2.967389e+01
1.068000e-05 2.975602e+01
1.090000e-05 2.983990e+01
1.111000e-05 2.991805e+01
1.134000e-05 3.000139e+01
1.156000e-05 3.007909e+01
1.179000e-05 3.015818e+01
1.203000e-05 3.023843e+01
1.227000e-05 3.031646e+01
1.252000e-05 3.039539e+01
1.277000e-05 3.047204e+01
1.302000e-05 3.054647e+01
1.328000e-05 3.062153e+01
1.355000e-05 3.069704e+01
1.382000e-05 3.077017e+01
1.410000e-05 3.084353e+01
1.438000e-05 3.091449e+01
1.467000e-05 3.098549e+01
1.496000e-05 3.105407e+01
1.526000e-05 3.112253e+01
1.556000e-05 3.118856e+01
1.587000e-05 3.125431e+01
1.619000e-05 3.131962e+01
1.652000e-05 3.138435e+01
1.685000e-05 3.144656e+01
1.718000e-05 3.150635e+01
1.753000e-05 3.156713e+01
1.788000e-05 3.162539e+01
1.823000e-05 3.168124e+01
1.860000e-05 3.173769e+01
1.897000e-05 3.179165e+01
1.935000e-05 3.184458e+01
1.974000e-05 3.189638e+01
2.013000e-05 3.194578e+01
2.054000e-05 3.199518e+01
2.095000e-05 3.204218e+01
2.136000e-05 3.208688e+01
2.179000e-05 3.213136e+01
2.223000e-05 3.217449e+01
2.267000e-05 3.221536e+01
2.313000e-05 3.225575e+01
2.359000e-05 3.229393e+01
2.406000e-05 3.233075e+01
2.454000e-05 3.236621e+01
2.503000e-05 3.240029e+01
2.553000e-05 3.243300e+01
2.604000e-05 3.246434e+01
2.656000e-05 3.249432e+01
2.710000e-05 3.252344e+01
2.764000e-05 3.255071e+01
2.819000e-05 3.257667e+01
2.875000e-05 3.260134e+01
2.933000e-05 3.262514e+01
2.992000e-05 3.264765e+01
3.051000e-05 3.266860e+01
3.112000e-05 3.268869e+01
3.175000e-05 3.270789e+01
3.238000e-05 3.272566e+01
3.303000e-05 3.274260e+01
3.369000e-05 3.275845e+01
3.436000e-05 3.277328e+01
3.505000e-05 3.278731e+01
3.575000e-05 3.280038e+01
3.647000e-05 3.281268e+01
3.720000e-05 3.282409e+01
3.794000e-05 3.283465e+01
3.870000e-05 3.284454e+01
3.947000e-05 3.285366e+01
4.026000e-05 3.286215e+01
4.107000e-05 3.287004e+01
4.189000e-05 3.287727e+01
4.273000e-05 3.288395e+01
4.358000e-05 3.289005e+01
4.445000e-05 3.289566e+01
4.534000e-05 3.290082e+01
4.625000e-05 3.290554e+01
4.717000e-05 3.290980e+01
4.812000e-05 3.291373e+01
4.908000e-05 3.291726e+01
5.006000e-05 3.292046e+01
5.106000e-05 3.292336e+01
5.208000e-05 3.292597e+01
5.313000e-05 3.292833e+01
5.419000e-05 3.293044e+01
5.527000e-05 3.293232e+01
5.638000e-05 3.293401e+01
5.751000e-05 3.293551e+01
5.866000e-05 3.293684e+01
5.983000e-05 3.293802e+01
6.103000e-05 3.293906e+01
6.225000e-05 3.293998e+01
6.349000e-05 3.294079e+01
6.476000e-05 3.294149e+01
6.606000e-05 3.294211e+01
6.738000e-05 3.294265e+01
6.872000e-05 3.294311e+01
7.010000e-05 3.294352e+01
7.150000e-05 3.294387e+01
7.293000e-05 3.294417e+01
7.439000e-05 3.294443e+01
7.588000e-05 3.294464e+01
7.740000e-05 3.294483e+01
7.894000e-05 3.294499e+01
8.052000e-05 3.294512e+01
8.213000e-05 3.294524e+01
8.377000e-05 3.294533e+01
8.545000e-05 3.294541e+01
8.716000e-05 3.294548e+01
8.890000e-05 3.294553e+01
9.068000e-05 3.294557e+01
9.249000e-05 3.294561e+01
9.434000e-05 3.294563e+01
9.623000e-05 3.294565e+01
9.816000e-05 3.294567e+01
1.001000e-04 3.294567e+01
1.021000e-04 3.294568e+01
1.042000e-04 3.294566e+01
1.062000e-04 3.294565e+01
1.084000e-04 3.294563e+01
1.105000e-04 3.294561e+01
1.128000e-04 3.294559e+01
1.150000e-04 3.294558e+01
1.173000e-04 3.294557e+01
1.197000e-04 3.294556e+01
1.220000e-04 3.294555e+01
1.245000e-04 3.294554e+01
1.270000e-04 3.294554e+01
1.295000e-04 3.294554e+01
1.321000e-04 3.294553e+01
1.347000e-04 3.294553e+01
1.374000e-04 3.294553e+01
1.402000e-04 3.294554e+01
1.430000e-04 3.294554e+01
1.459000e-04 3.294554e+01
1.488000e-04 3.294554e+01
1.517000e-04 3.294554e+01
1.548000e-04 3.294554e+01
1.579000e-04 3.294554e+01
1.610000e-04 3.294554e+01
1.643000e-04 3.294554e+01
1.675000e-04 3.294554e+01
1.709000e-04 3.294554e+01
1.743000e-04 3.294554e+01
1.778000e-04 3.294554e+01
1.814000e-04 3.294554e+01
1.850000e-04 3.294554e+01
1.887000e-04 3.294554e+01
1.925000e-04 3.294554e+01
1.963000e-04 3.294554e+01
2.002000e-04 3.294554e+01
2.042000e-04 3.294554e+01
2.083000e-04 3.294554e+01
2.125000e-04 3.294554e+01
2.167000e-04 3.294554e+01
2.211000e-04 3.294554e+01
2.255000e-04 3.294554e+01
2.300000e-04 3.294554e+01
2.346000e-04 3.294554e+01
2.393000e-04 3.294554e+01
2.441000e-04 3.294554e+01
2.490000e-04 3.294554e+01
2.539000e-04 3.294554e+01
2.590000e-04 3.294554e+01
2.642000e-04 3.294554e+01
2.695000e-04 3.294554e+01
2.749000e-04 3.294554e+01
2.804000e-04 3.294554e+01
2.860000e-04 3.294554e+01
2.917000e-04 3.294554e+01
2.975000e-04 3.294554e+01
3.035000e-04 3.294554e+01
3.095000e-04 3.294554e+01
3.157000e-04 3.294554e+01
3.221000e-04 3.294554e+01
3.285000e-04 3.294554e+01
3.351000e-04 3.294554e+01
3.418000e-04 3.294554e+01
3.486000e-04 3.294554e+01
3.556000e-04 3.294554e+01
3.627000e-04 3.294554e+01
3.699000e-04 3.294554e+01
3.773000e-04 3.294554e+01
3.849000e-04 3.294554e+01
3.926000e-04 3.294554e+01
4.004000e-04 3.294554e+01
4.084000e-04 3.294554e+01
4.166000e-04 3.294554e+01
4.249000e-04 3.294554e+01
4.334000e-04 3.294554e+01
4.421000e-04 3.294554e+01
4.510000e-04 3.294554e+01
4.600000e-04 3.294554e+01
4.692000e-04 3.294554e+01
4.786000e-04 3.294554e+01
4.881000e-04 3.294554e+01
4.979000e-04 3.294554e+01
5.078000e-04 3.294554e+01
5.180000e-04 3.294554e+01
5.284000e-04 3.294554e+01
5.389000e-04 3.294554e+01
5.497000e-04 3.294554e+01
5.607000e-04 3.294554e+01
5.719000e-04 3.294554e+01
5.834000e-04 3.294554e+01
5.950000e-04 3.294554e+01
6.069000e-04 3.294554e+01
6.191000e-04 3.294554e+01
6.314000e-04 3.294554e+01
6.441000e-04 3.294554e+01
6.569000e-04 3.294554e+01
6.701000e-04 3.294554e+01
6.835000e-04 3.294554e+01
6.972000e-04 3.294554e+01
7.111000e-04 3.294554e+01
7.253000e-04 3.294554e+01
7.398000e-04 3.294554e+01
7.546000e-04 3.294554e+01
7.697000e-04 3.294554e+01
7.851000e-04 3.294554e+01
8.008000e-04 3.294554e+01
8.168000e-04 3.294554e+01
8.332000e-04 3.294554e+01
8.498000e-04 3.294554e+01
8.668000e-04 3.294554e+01
8.842000e-04 3.294554e+01
9.019000e-04 3.294554e+01
9.199000e-04 3.294554e+01
9.383000e-04 3.294554e+01
9.571000e-04 3.294554e+01
9.762000e-04 3.294554e+01
9.957000e-04 3.294554e+01
1.016000e-03 3.294554e+01
1.036000e-03 3.294554e+01
1.057000e-03 3.294554e+01
1.078000e-03 3.294554e+01
1.099000e-03 3.294554e+01
1.121000e-03 3.294554e+01
1.144000e-03 3.294554e+01
1.167000e-03 3.294554e+01
1.190000e-03 3.294554e+01
1.214000e-03 3.294554e+01
1.238000e-03 3.294554e+01
1.263000e-03 3.294554e+01
1.288000e-03 3.294554e+01
1.314000e-03 3.294554e+01
1.340000e-03 3.294554e+01
1.367000e-03 3.294554e+01
1.394000e-03 3.294554e+01
1.422000e-03 3.294554e+01
1.451000e-03 3.294554e+01
1.480000e-03 3.294554e+01
1.509000e-03 3.294554e+01
1.539000e-03 3.294554e+01
1.570000e-03 3.294554e+01
1.602000e-03 3.294554e+01
1.634000e-03 3.294554e+01
1.666000e-03 3.294554e+01
1.700000e-03 3.294554e+01
1.734000e-03 3.294554e+01
1.768000e-03 3.294554e+01
1.804000e-03 3.294554e+01
1.840000e-03 3.294554e+01
1.876000e-03 3.294554e+01
1.914000e-03 3.294554e+01
1.952000e-03 3.294554e+01
1.991000e-03 3.294554e+01
2.031000e-03 3.294554e+01
2.072000e-03 3.294554e+01
2.113000e-03 3.294554e+01
2.155000e-03 3.294554e+01
2.199000e-03 3.294554e+01
2.243000e-03 3.294554e+01
2.287000e-03 3.294554e+01
2.333000e-03 3.294554e+01
2.380000e-03 3.294554e+01
2.427000e-03 3.294554e+01
2.476000e-03 3.294554e+01
2.525000e-03 3.294554e+01
2.576000e-03 3.294554e+01
2.628000e-03 3.294554e+01
2.680000e-03 3.294554e+01
2.734000e-03 3.294554e+01
2.788000e-03 3.294554e+01
2.844000e-03 3.294554e+01
2.901000e-03 3.294554e+01
2.959000e-03 3.294554e+01
3.018000e-03 3.294554e+01
3.079000e-03 3.294554e+01
3.140000e-03 3.294554e+01
3.203000e-03 3.294554e+01
3.267000e-03 3.294554e+01
3.332000e-03 3.294554e+01
3.399000e-03 3.294554e+01
3.467000e-03 3.294554e+01
3.536000e-03 3.294554e+01
3.607000e-03 3.294554e+01
3.679000e-03 3.294554e+01
3.753000e-03 3.294554e+01
3.828000e-03 3.294554e+01
3.904000e-03 3.294554e+01
3.982000e-03 3.294554e+01
4.062000e-03 3.294554e+01
4.143000e-03 3.294554e+01
4.226000e-03 3.294554e+01
4.311000e-03 3.294554e+01
4.397000e-03 3.294554e+01
4.485000e-03 3.294554e+01
4.575000e-03 3.294554e+01
4.666000e-03 3.294554e+01
4.759000e-03 3.294554e+01
4.855000e-03 3.294554e+01
4.952000e-03 3.294554e+01
5.051000e-03 3.294554e+01
5.152000e-03 3.294554e+01
5.255000e-03 3.294554e+01
5.360000e-03 3.294554e+01
5.467000e-03 3.294554e+01
5.576000e-03 3.294554e+01
5.688000e-03 3.294554e+01
5.802000e-03 3.294554e+01
5.918000e-03 3.294554e+01
6.036000e-03 3.294554e+01
6.157000e-03 3.294554e+01
6.280000e-03 3.294554e+01
6.405000e-03 3.294554e+01
6.534000e-03 3.294554e+01
6.664000e-03 3.294554e+01
6.798000e-03 3.294554e+01
6.934000e-03 3.294554e+01
7.072000e-03 3.294554e+01
7.214000e-03 3.294554e+01
7.358000e-03 3.294554e+01
7.505000e-03 3.294554e+01
7.655000e-03 3.294554e+01
7.808000e-03 3.294554e+01
7.964000e-03 3.294554e+01
8.124000e-03 3.294554e+01
8.286000e-03 3.294554e+01
8.452000e-03 3.294554e+01
8.621000e-03 3.294554e+01
8.793000e-03 3.294554e+01
8.969000e-03 3.294554e+01
9.149000e-03 3.294554e+01
9.332000e-03 3.294554e+01
9.518000e-03 3.294554e+01
9.709000e-03 3.294554e+01
9.903000e-03 3.294554e+01
1.010000e-02 3.294554e+01
1.030000e-02 3.294554e+01
1.051000e-02 3.294554e+01
1.072000e-02 3.294554e+01
1.093000e-02 3.294554e+01
1.115000e-02 3.294554e+01
1.138000e-02 3.294554e+01
1.160000e-02 3.294554e+01
1.183000e-02 3.294554e+01
1.207000e-02 3.294554e+01
1.231000e-02 3.294554e+01
1.256000e-02 3.294554e+01
1.281000e-02 3.294554e+01
1.307000e-02 3.294554e+01
1.333000e-02 3.294554e+01
1.359000e-02 3.294554e+01
1.387000e-02 3.294554e+01
1.414000e-02 3.294554e+01
1.443000e-02 3.294554e+01
1.471000e-02 3.294554e+01
1.501000e-02 3.294554e+01
1.531000e-02 3.294554e+01
1.562000e-02 3.294554e+01
1.593000e-02 3.294554e+01
1.625000e-02 3.294554e+01
1.657000e-02 3.294554e+01
1.690000e-02 3.294554e+01
1.724000e-02 3.294554e+01
1.759000e-02 3.294554e+01
1.794000e-02 3.294554e+01
1.830000e-02 3.294554e+01
1.866000e-02 3.294554e+01
1.904000e-02 3.294554e+01
1.942000e-02 3.294554e+01
1.980000e-02 3.294554e+01
2.020000e-02 3.294554e+01
2.060000e-02 3.294554e+01
2.102000e-02 3.294554e+01
2.144000e-02 3.294554e+01
2.187000e-02 3.294554e+01
2.230000e-02 3.294554e+01
2.275000e-02 3.294554e+01
2.320000e-02 3.294554e+01
2.367000e-02 3.294554e+01
2.414000e-02 3.294554e+01
2.462000e-02 3.294554e+01
2.512000e-02 3.294554e+01
2.562000e-02 3.294554e+01
2.613000e-02 3.294554e+01
2.665000e-02 3.294554e+01
2.719000e-02 3.294554e+01
2.773000e-02 3.294554e+01
2.829000e-02 3.294554e+01
2.885000e-02 3.294554e+01
2.943000e-02 3.294554e+01
3.002000e-02 3.294554e+01
3.062000e-02 3.294554e+01
3.123000e-02 3.294554e+01
3.185000e-02 3.294554e+01
3.249000e-02 3.294554e+01
3.314000e-02 3.294554e+01
3.380000e-02 3.294554e+01
3.448000e-02 3.294554e+01
3.517000e-02 3.294554e+01
3.587000e-02 3.294554e+01
3.659000e-02 3.294554e+01
3.732000e-02 3.294554e+01
3.807000e-02 3.294554e+01
3.883000e-02 3.294554e+01
3.961000e-02 3.294554e+01
4.040000e-02 3.294554e+01
4.121000e-02 3.294554e+01
4.203000e-02 3.294554e+01
4.287000e-02 3.294554e+01
4.373000e-02 3.294554e+01
4.460000e-02 3.294554e+01
4.550000e-02 3.294554e+01
4.641000e-02 3.294554e+01
4.733000e-02 3.294554e+01
4.828000e-02 3.294554e+01
4.925000e-02 3.294554e+01
5.023000e-02 3.294554e+01
5.124000e-02 3.294554e+01
5.226000e-02 3.294554e+01
5.331000e-02 3.294554e+01
5.437000e-02 3.294554e+01
5.546000e-02 3.294554e+01
5.657000e-02 3.294554e+01
5.770000e-02 3.294554e+01
5.885000e-02 3.294554e+01
6.003000e-02 3.294554e+01
6.123000e-02 3.294554e+01
6.246000e-02 3.294554e+01
6.370000e-02 3.294554e+01
6.498000e-02 3.294554e+01
6.628000e-02 3.294554e+01
6.760000e-02 3.294554e+01
6.896000e-02 3.294554e+01
7.034000e-02 3.294554e+01
7.174000e-02 3.294554e+01
7.318000e-02 3.294554e+01
7.464000e-02 3.294554e+01
7.613000e-02 3.294554e+01
7.766000e-02 3.294554e+01
7.921000e-02 3.294554e+01
8.079000e-02 3.294554e+01
8.241000e-02 3.294554e+01
8.406000e-02 3.294554e+01
8.574000e-02 3.294554e+01
8.745000e-02 3.294554e+01
8.920000e-02 3.294554e+01
9.099000e-02 3.294554e+01
9.281000e-02 3.294554e+01
9.466000e-02 3.294554e+01
9.656000e-02 3.294554e+01
9.849000e-02 3.294554e+01
1.005000e-01 3.294554e+01
1.025000e-01 3.294554e+01
1.045000e-01 3.294554e+01
1.066000e-01 3.294554e+01
1.087000e-01 3.294554e+01
1.109000e-01 3.294554e+01
1.131000e-01 3.294554e+01
1.154000e-01 3.294554e+01
1.177000e-01 3.294554e+01
1.201000e-01 3.294554e+01
1.225000e-01 3.294554e+01
1.249000e-01 3.294554e+01
1.274000e-01 3.294554e+01
1.300000e-01 3.294554e+01
1.325000e-01 3.294554e+01
1.352000e-01 3.294554e+01
1.379000e-01 3.294554e+01
1.407000e-01 3.294554e+01
1.435000e-01 3.294554e+01
1.463000e-01 3.294554e+01
1.493000e-01 3.294554e+01
1.523000e-01 3.294554e+01
1.553000e-01 3.294554e+01
1.584000e-01 3.294554e+01
1.616000e-01 3.294554e+01
1.648000e-01 3.294554e+01
1.681000e-01 3.294554e+01
1.715000e-01 3.294554e+01
1.749000e-01 3.294554e+01
1.784000e-01 3.294554e+01
1.820000e-01 3.294554e+01
1.856000e-01 3.294554e+01
1.893000e-01 3.294554e+01
1.931000e-01 3.294554e+01
1.970000e-01 3.294554e+01
2.009000e-01 3.294554e+01
2.049000e-01 3.294554e+01
2.090000e-01 3.294554e+01
2.132000e-01 3.294554e+01
2.175000e-01 3.294554e+01
2.218000e-01 3.294554e+01
2.262000e-01 3.294554e+01
2.308000e-01 3.294554e+01
2.354000e-01 3.294554e+01
2.401000e-01 3.294554e+01
2.449000e-01 3.294554e+01
2.498000e-01 3.294554e+01
2.548000e-01 3.294554e+01
2.599000e-01 3.294554e+01
2.651000e-01 3.294554e+01
2.704000e-01 3.294554e+01
2.758000e-01 3.294554e+01
2.813000e-01 3.294554e+01
2.869000e-01 3.294554e+01
2.927000e-01 3.294554e+01
2.985000e-01 3.294554e+01
3.045000e-01 3.294554e+01
3.106000e-01 3.294554e+01
3.168000e-01 3.294554e+01
3.231000e-01 3.294554e+01
3.296000e-01 3.294554e+01
3.362000e-01 3.294554e+01
3.429000e-01 3.294554e+01
3.498000e-01 3.294554e+01
3.568000e-01 3.294554e+01
3.639000e-01 3.294554e+01
3.712000e-01 3.294554e+01
3.786000e-01 3.294554e+01
3.862000e-01 3.294554e+01
3.939000e-01 3.294554e+01
4.018000e-01 3.294554e+01
4.098000e-01 3.294554e+01
4.180000e-01 3.294554e+01
4.264000e-01 3.294554e+01
4.349000e-01 3.294554e+01
4.436000e-01 3.294554e+01
4.525000e-01 3.294554e+01
4.615000e-01 3.294554e+01
4.707000e-01 3.294554e+01
4.802000e-01 3.294554e+01
4.898000e-01 3.294554e+01
4.996000e-01 3.294554e+01
5.096000e-01 3.294554e+01
5.197000e-01 3.294554e+01
5.301000e-01 3.294554e+01
5.407000e-01 3.294554e+01
5.516000e-01 3.294554e+01
5.626000e-01 3.294554e+01
5.738000e-01 3.294554e+01
5.853000e-01 3.294554e+01
5.970000e-01 3.294554e+01
6.090000e-01 3.294554e+01
6.211000e-01 3.294554e+01
6.336000e-01 3.294554e+01
6.462000e-01 3.294554e+01
6.592000e-01 3.294554e+01
6.723000e-01 3.294554e+01
6.858000e-01 3.294554e+01
6.995000e-01 3.294554e+01
7.135000e-01 3.294554e+01
7.278000e-01 3.294554e+01
7.423000e-01 3.294554e+01
7.572000e-01 3.294554e+01
7.723000e-01 3.294554e+01
7.878000e-01 3.294554e+01
8.035000e-01 3.294554e+01
8.196000e-01 3.294554e+01
8.360000e-01 3.294554e+01
8.527000e-01 3.294554e+01
8.698000e-01 3.294554e+01
8.871000e-01 3.294554e+01
9.049000e-01 3.294554e+01
9.230000e-01 3.294554e+01
9.414000e-01 3.294554e+01
9.603000e-01 3.294554e+01
9.795000e-01 3.294554e+01
9.991000e-01 3.294554e+01
1.019000e+00 3.294554e+01
1.039000e+00 3.294554e+01
1.060000e+00 3.294554e+01
1.081000e+00 3.294554e+01
1.103000e+00 3.294554e+01
1.125000e+00 3.294554e+01
1.148000e+00 3.294554e+01
1.171000e+00 3.294554e+01
1.194000e+00 3.294554e+01
1.218000e+00 3.294554e+01
1.242000e+00 3.294554e+01
1.267000e+00 3.294554e+01
1.292000e+00 3.294554e+01
1.318000e+00 3.294554e+01
1.345000e+00 3.294554e+01
1.372000e+00 3.294554e+01
1.399000e+00 3.294554e+01
1.427000e+00 3.294554e+01
1.455000e+00 3.294554e+01
1.485000e+00 3.294554e+01
1.514000e+00 3.294554e+01
1.545000e+00 3.294554e+01
1.575000e+00 3.294554e+01
1.607000e+00 3.294554e+01
1.639000e+00 3.294554e+01
1.672000e+00 3.294554e+01
1.705000e+00 3.294554e+01
1.739000e+00 3.294554e+01
1.774000e+00 3.294554e+01
1.810000e+00 3.294554e+01
1.846000e+00 3.294554e+01
1.883000e+00 3.294554e+01
1.920000e+00 3.294554e+01
1.959000e+00 3.294554e+01
1.998000e+00 3.294554e+01
2.038000e+00 3.294554e+01
2.079000e+00 3.294554e+01
2.120000e+00 3.294554e+01
2.163000e+00 3.294554e+01
2.206000e+00 3.294554e+01
2.250000e+00 3.294554e+01
2.295000e+00 3.294554e+01
2.341000e+00 3.294554e+01
2.388000e+00 3.294554e+01
2.436000e+00 3.294554e+01
2.484000e+00 3.294554e+01
2.534000e+00 3.294554e+01
2.585000e+00 3.294554e+01
2.636000e+00 3.294554e+01
2.689000e+00 3.294554e+01
2.743000e+00 3.294554e+01
2.798000e+00 3.294554e+01
2.854000e+00 3.294554e+01
2.911000e+00 3.294554e+01
2.969000e+00 3.294554e+01
3.028000e+00 3.294554e+01
3.089000e+00 3.294554e+01
3.151000e+00 3.294554e+01
3.214000e+00 3.294554e+01
3.278000e+00 3.294554e+01
3.344000e+00 3.294554e+01
3.410000e+00 3.294554e+01
3.479000e+00 3.294554e+01
3.548000e+00 3.294554e+01
3.619000e+00 3.294554e+01
3.692000e+00 3.294554e+01
3.765000e+00 3.294554e+01
3.841000e+00 3.294554e+01
3.917000e+00 3.294554e+01
3.996000e+00 3.294554e+01
4.076000e+00 3.294554e+01
4.157000e+00 3.294554e+01
4.240000e+00 3.294554e+01
4.325000e+00 3.294554e+01
4.412000e+00 3.294554e+01
4.500000e+00 3.294554e+01
4.590000e+00 3.294554e+01
4.682000e+00 3.294554e+01
4.775000e+00 3.294554e+01
4.871000e+00 3.294554e+01
4.968000e+00 3.294554e+01
5.068000e+00 3.294554e+01
5.169000e+00 3.294554e+01
5.272000e+00 3.294554e+01
5.378000e+00 3.294554e+01
5.485000e+00 3.294554e+01
5.595000e+00 3.294554e+01
5.707000e+00 3.294554e+01
5.821000e+00 3.294554e+01
5.938000e+00 3.294554e+01
6.056000e+00 3.294554e+01
6.177000e+00 3.294554e+01
6.301000e+00 3.294554e+01
6.427000e+00 3.294554e+01
6.556000e+00 3.294554e+01
6.687000e+00 3.294554e+01
6.820000e+00 3.294554e+01
6.957000e+00 3.294554e+01
7.096000e+00 3.294554e+01
7.238000e+00 3.294554e+01
7.383000e+00 3.294554e+01
7.530000e+00 3.294554e+01
7.681000e+00 3.294554e+01
7.835000e+00 3.294554e+01
7.991000e+00 3.294554e+01
8.151000e+00 3.294554e+01
8.314000e+00 3.294554e+01
8.480000e+00 3.294554e+01
8.650000e+00 3.294554e+01
8.823000e+00 3.294554e+01
8.999000e+00 3.294554e+01
9.179000e+00 3.294554e+01
9.363000e+00 3.294554e+01
9.550000e+00 3.294554e+01
9.741000e+00 3.294554e+01
9.936000e+00 3.294554e+01
1.013000e+01 3.294554e+01
1.034000e+01 3.294554e+01
1.054000e+01 3.294554e+01
1.076000e+01 3.294554e+01
1.097000e+01 3.294554e+01
1.119000e+01 3.294554e+01
1.141000e+01 3.294554e+01
1.164000e+01 3.294554e+01
1.187000e+01 3.294554e+01
1.211000e+01 3.294554e+01
1.235000e+01 3.294554e+01
1.260000e+01 3.294554e+01
1.285000e+01 3.294554e+01
1.311000e+01 3.294554e+01
1.337000e+01 3.294554e+01
1.364000e+01 3.294554e+01
1.391000e+01 3.294554e+01
1.419000e+01 3.294554e+01
1.448000e+01 3.294554e+01
1.476000e+01 3.294554e+01
1.506000e+01 3.294554e+01
1.536000e+01 3.294554e+01
1.567000e+01 3.294554e+01
1.598000e+01 3.294554e+01
1.630000e+01 3.294554e+01
1.663000e+01 3.294554e+01
1.696000e+01 3.294554e+01
1.730000e+01 3.294554e+01
1.764000e+01 3.294554e+01
1.800000e+01 3.294554e+01
1.836000e+01 3.294554e+01
1.872000e+01 3.294554e+01
1.910000e+01 3.294554e+01
1.948000e+01 3.294554e+01
1.987000e+01 3.294554e+01
2.027000e+01 3.294554e+01
2.067000e+01 3.294554e+01
2.109000e+01 3.294554e+01
2.151000e+01 3.294554e+01
2.194000e+01 3.294554e+01
2.238000e+01 3.294554e+01
2.283000e+01 3.294554e+01
2.328000e+01 3.294554e+01
2.375000e+01 3.294554e+01
2.422000e+01 3.294554e+01
2.471000e+01 3.294554e+01
2.520000e+01 3.294554e+01
2.571000e+01 3.294554e+01
2.622000e+01 3.294554e+01
2.674000e+01 3.294554e+01
2.728000e+01 3.294554e+01
2.782000e+01 3.294554e+01
2.838000e+01 3.294554e+01
2.895000e+01 3.294554e+01
2.953000e+01 3.294554e+01
3.012000e+01 3.294554e+01
3.072000e+01 3.294554e+01
3.133000e+01 3.294554e+01
3.196000e+01 3.294554e+01
3.260000e+01 3.294554e+01
3.325000e+01 3.294554e+01
3.392000e+01 3.294554e+01
3.460000e+01 3.294554e+01
3.529000e+01 3.294554e+01
3.599000e+01 3.294554e+01
3.671000e+01 3.294554e+01
3.745000e+01 3.294554e+01
3.820000e+01 3.294554e+01
3.896000e+01 3.294554e+01
3.974000e+01 3.294554e+01
4.053000e+01 3.294554e+01
4.135000e+01 3.294554e+01
4.217000e+01 3.294554e+01
4.302000e+01 3.294554e+01
4.388000e+01 3.294554e+01
4.475000e+01 3.294554e+01
4.565000e+01 3.294554e+01
4.656000e+01 3.294554e+01
4.749000e+01 3.294554e+01
4.844000e+01 3.294554e+01
4.941000e+01 3.294554e+01
5.040000e+01 3.294554e+01
5.141000e+01 3.294554e+01
5.244000e+01 3.294554e+01
5.348000e+01 3.294554e+01
5.455000e+01 3.294554e+01
5.565000e+01 3.294554e+01
5.676000e+01 3.294554e+01
5.789000e+01 3.294554e+01
5.905000e+01 3.294554e+01
6.023000e+01 3.294554e+01
6.144000e+01 3.294554e+01
6.267000e+01 3.294554e+01
6.392000e+01 3.294554e+01
6.520000e+01 3.294554e+01
6.650000e+01 3.294554e+01
6.783000e+01 3.294554e+01
6.919000e+01 3.294554e+01
7.057000e+01 3.294554e+01
7.198000e+01 3.294554e+01
7.342000e+01 3.294554e+01
7.489000e+01 3.294554e+01
7.639000e+01 3.294554e+01
7.792000e+01 3.294554e+01
7.948000e+01 3.294554e+01
8.107000e+01 3.294554e+01
8.269000e+01 3.294554e+01
8.434000e+01 3.294554e+01
8.603000e+01 3.294554e+01
8.775000e+01 3.294554e+01
8.950000e+01 3.294554e+01
9.129000e+01 3.294554e+01
9.312000e+01 3.294554e+01
9.498000e+01 3.294554e+01
9.688000e+01 3.294554e+01
9.882000e+01 3.294554e+01
1.008000e+02 3.294554e+01
