t Vext G_frac
0.000e+00 0.0 1.000e+00
1.000e-13 0.0 1.050e+00
2.020e-13 0.0 1.050e+00
3.060e-13 0.0 1.050e+00
4.122e-13 0.0 1.050e+00
5.204e-13 0.0 1.050e+00
6.308e-13 0.0 1.050e+00
7.434e-13 0.0 1.050e+00
8.583e-13 0.0 1.050e+00
9.755e-13 0.0 1.050e+00
1.095e-12 0.0 1.050e+00
1.217e-12 0.0 1.050e+00
1.341e-12 0.0 1.050e+00
1.468e-12 0.0 1.050e+00
1.597e-12 0.0 1.050e+00
1.729e-12 0.0 1.050e+00
1.864e-12 0.0 1.050e+00
2.001e-12 0.0 1.050e+00
2.141e-12 0.0 1.050e+00
2.284e-12 0.0 1.050e+00
2.430e-12 0.0 1.050e+00
2.578e-12 0.0 1.050e+00
2.730e-12 0.0 1.050e+00
2.884e-12 0.0 1.050e+00
3.042e-12 0.0 1.050e+00
3.203e-12 0.0 1.050e+00
3.367e-12 0.0 1.050e+00
3.534e-12 0.0 1.050e+00
3.705e-12 0.0 1.050e+00
3.879e-12 0.0 1.050e+00
4.057e-12 0.0 1.050e+00
4.238e-12 0.0 1.050e+00
4.423e-12 0.0 1.050e+00
4.611e-12 0.0 1.050e+00
4.803e-12 0.0 1.050e+00
4.999e-12 0.0 1.050e+00
5.199e-12 0.0 1.050e+00
5.403e-12 0.0 1.050e+00
5.611e-12 0.0 1.050e+00
5.824e-12 0.0 1.050e+00
6.040e-12 0.0 1.050e+00
6.261e-12 0.0 1.050e+00
6.486e-12 0.0 1.050e+00
6.716e-12 0.0 1.050e+00
6.950e-12 0.0 1.050e+00
7.189e-12 0.0 1.050e+00
7.433e-12 0.0 1.050e+00
7.682e-12 0.0 1.050e+00
7.935e-12 0.0 1.050e+00
8.194e-12 0.0 1.050e+00
8.458e-12 0.0 1.050e+00
8.727e-12 0.0 1.050e+00
9.002e-12 0.0 1.050e+00
9.282e-12 0.0 1.050e+00
9.567e-12 0.0 1.050e+00
9.859e-12 0.0 1.050e+00
1.016e-11 0.0 1.050e+00
1.046e-11 0.0 1.050e+00
1.077e-11 0.0 1.050e+00
1.108e-11 0.0 1.050e+00
1.141e-11 0.0 1.050e+00
1.173e-11 0.0 1.050e+00
1.207e-11 0.0 1.050e+00
1.241e-11 0.0 1.050e+00
1.276e-11 0.0 1.050e+00
1.311e-11 0.0 1.050e+00
1.347e-11 0.0 1.050e+00
1.384e-11 0.0 1.050e+00
1.422e-11 0.0 1.050e+00
1.461e-11 0.0 1.050e+00
1.500e-11 0.0 1.050e+00
1.540e-11 0.0 1.050e+00
1.581e-11 0.0 1.050e+00
1.622e-11 0.0 1.050e+00
1.665e-11 0.0 1.050e+00
1.708e-11 0.0 1.050e+00
1.752e-11 0.0 1.050e+00
1.797e-11 0.0 1.050e+00
1.843e-11 0.0 1.050e+00
1.890e-11 0.0 1.050e+00
1.938e-11 0.0 1.050e+00
1.986e-11 0.0 1.050e+00
2.036e-11 0.0 1.050e+00
2.087e-11 0.0 1.050e+00
2.139e-11 0.0 1.050e+00
2.191e-11 0.0 1.050e+00
2.245e-11 0.0 1.050e+00
2.300e-11 0.0 1.050e+00
2.356e-11 0.0 1.050e+00
2.413e-11 0.0 1.050e+00
2.472e-11 0.0 1.050e+00
2.531e-11 0.0 1.050e+00
2.592e-11 0.0 1.050e+00
2.653e-11 0.0 1.050e+00
2.717e-11 0.0 1.050e+00
2.781e-11 0.0 1.050e+00
2.846e-11 0.0 1.050e+00
2.913e-11 0.0 1.050e+00
2.982e-11 0.0 1.050e+00
3.051e-11 0.0 1.050e+00
3.122e-11 0.0 1.050e+00
3.195e-11 0.0 1.050e+00
3.269e-11 0.0 1.050e+00
3.344e-11 0.0 1.050e+00
3.421e-11 0.0 1.050e+00
3.499e-11 0.0 1.050e+00
3.579e-11 0.0 1.050e+00
3.661e-11 0.0 1.050e+00
3.744e-11 0.0 1.050e+00
3.829e-11 0.0 1.050e+00
3.916e-11 0.0 1.050e+00
4.004e-11 0.0 1.050e+00
4.094e-11 0.0 1.050e+00
4.186e-11 0.0 1.050e+00
4.280e-11 0.0 1.050e+00
4.375e-11 0.0 1.050e+00
4.473e-11 0.0 1.050e+00
4.572e-11 0.0 1.050e+00
4.674e-11 0.0 1.050e+00
4.777e-11 0.0 1.050e+00
4.883e-11 0.0 1.050e+00
4.990e-11 0.0 1.050e+00
5.100e-11 0.0 1.050e+00
5.212e-11 0.0 1.050e+00
5.326e-11 0.0 1.050e+00
5.443e-11 0.0 1.050e+00
5.562e-11 0.0 1.050e+00
5.683e-11 0.0 1.050e+00
5.807e-11 0.0 1.050e+00
5.933e-11 0.0 1.050e+00
6.061e-11 0.0 1.050e+00
6.193e-11 0.0 1.050e+00
6.326e-11 0.0 1.050e+00
6.463e-11 0.0 1.050e+00
6.602e-11 0.0 1.050e+00
6.744e-11 0.0 1.050e+00
6.889e-11 0.0 1.050e+00
7.037e-11 0.0 1.050e+00
7.188e-11 0.0 1.050e+00
7.341e-11 0.0 1.050e+00
7.498e-11 0.0 1.050e+00
7.658e-11 0.0 1.050e+00
7.821e-11 0.0 1.050e+00
7.988e-11 0.0 1.050e+00
8.158e-11 0.0 1.050e+00
8.331e-11 0.0 1.050e+00
8.507e-11 0.0 1.050e+00
8.687e-11 0.0 1.050e+00
8.871e-11 0.0 1.050e+00
9.059e-11 0.0 1.050e+00
9.250e-11 0.0 1.050e+00
9.445e-11 0.0 1.050e+00
9.644e-11 0.0 1.050e+00
9.847e-11 0.0 1.050e+00
1.005e-10 0.0 1.050e+00
1.026e-10 0.0 1.050e+00
1.048e-10 0.0 1.050e+00
1.070e-10 0.0 1.050e+00
1.092e-10 0.0 1.050e+00
1.115e-10 0.0 1.050e+00
1.138e-10 0.0 1.050e+00
1.162e-10 0.0 1.050e+00
1.187e-10 0.0 1.050e+00
1.211e-10 0.0 1.050e+00
1.236e-10 0.0 1.050e+00
1.262e-10 0.0 1.050e+00
1.288e-10 0.0 1.050e+00
1.315e-10 0.0 1.050e+00
1.343e-10 0.0 1.050e+00
1.370e-10 0.0 1.050e+00
1.399e-10 0.0 1.050e+00
1.428e-10 0.0 1.050e+00
1.457e-10 0.0 1.050e+00
1.487e-10 0.0 1.050e+00
1.518e-10 0.0 1.050e+00
1.550e-10 0.0 1.050e+00
1.582e-10 0.0 1.050e+00
1.614e-10 0.0 1.050e+00
1.647e-10 0.0 1.050e+00
1.681e-10 0.0 1.050e+00
1.716e-10 0.0 1.050e+00
1.751e-10 0.0 1.050e+00
1.787e-10 0.0 1.050e+00
1.824e-10 0.0 1.050e+00
1.862e-10 0.0 1.050e+00
1.900e-10 0.0 1.050e+00
1.939e-10 0.0 1.050e+00
1.979e-10 0.0 1.050e+00
2.019e-10 0.0 1.050e+00
2.061e-10 0.0 1.050e+00
2.103e-10 0.0 1.050e+00
2.146e-10 0.0 1.050e+00
2.190e-10 0.0 1.050e+00
2.235e-10 0.0 1.050e+00
2.280e-10 0.0 1.050e+00
2.327e-10 0.0 1.050e+00
2.374e-10 0.0 1.050e+00
2.423e-10 0.0 1.050e+00
2.472e-10 0.0 1.050e+00
2.523e-10 0.0 1.050e+00
2.574e-10 0.0 1.050e+00
2.627e-10 0.0 1.050e+00
2.680e-10 0.0 1.050e+00
2.735e-10 0.0 1.050e+00
2.791e-10 0.0 1.050e+00
2.847e-10 0.0 1.050e+00
2.905e-10 0.0 1.050e+00
2.964e-10 0.0 1.050e+00
3.025e-10 0.0 1.050e+00
3.086e-10 0.0 1.050e+00
3.149e-10 0.0 1.050e+00
3.213e-10 0.0 1.050e+00
3.278e-10 0.0 1.050e+00
3.345e-10 0.0 1.050e+00
3.413e-10 0.0 1.050e+00
3.482e-10 0.0 1.050e+00
3.553e-10 0.0 1.050e+00
3.625e-10 0.0 1.050e+00
3.698e-10 0.0 1.050e+00
3.773e-10 0.0 1.050e+00
3.849e-10 0.0 1.050e+00
3.927e-10 0.0 1.050e+00
4.007e-10 0.0 1.050e+00
4.088e-10 0.0 1.050e+00
4.171e-10 0.0 1.050e+00
4.255e-10 0.0 1.050e+00
4.341e-10 0.0 1.050e+00
4.429e-10 0.0 1.050e+00
4.519e-10 0.0 1.050e+00
4.610e-10 0.0 1.050e+00
4.703e-10 0.0 1.050e+00
4.799e-10 0.0 1.050e+00
4.895e-10 0.0 1.050e+00
4.994e-10 0.0 1.050e+00
5.095e-10 0.0 1.050e+00
5.198e-10 0.0 1.050e+00
5.303e-10 0.0 1.050e+00
5.410e-10 0.0 1.050e+00
5.519e-10 0.0 1.050e+00
5.631e-10 0.0 1.050e+00
5.744e-10 0.0 1.050e+00
5.860e-10 0.0 1.050e+00
5.979e-10 0.0 1.050e+00
6.099e-10 0.0 1.050e+00
6.222e-10 0.0 1.050e+00
6.348e-10 0.0 1.050e+00
6.475e-10 0.0 1.050e+00
6.606e-10 0.0 1.050e+00
6.739e-10 0.0 1.050e+00
6.875e-10 0.0 1.050e+00
7.013e-10 0.0 1.050e+00
7.155e-10 0.0 1.050e+00
7.299e-10 0.0 1.050e+00
7.446e-10 0.0 1.050e+00
7.596e-10 0.0 1.050e+00
7.749e-10 0.0 1.050e+00
7.905e-10 0.0 1.050e+00
8.064e-10 0.0 1.050e+00
8.226e-10 0.0 1.050e+00
8.391e-10 0.0 1.050e+00
8.560e-10 0.0 1.050e+00
8.732e-10 0.0 1.050e+00
8.908e-10 0.0 1.050e+00
9.087e-10 0.0 1.050e+00
9.270e-10 0.0 1.050e+00
9.456e-10 0.0 1.050e+00
9.647e-10 0.0 1.050e+00
9.840e-10 0.0 1.050e+00
1.004e-09 0.0 1.050e+00
1.024e-09 0.0 1.050e+00
1.045e-09 0.0 1.050e+00
1.066e-09 0.0 1.050e+00
1.087e-09 0.0 1.050e+00
1.109e-09 0.0 1.050e+00
1.131e-09 0.0 1.050e+00
1.154e-09 0.0 1.050e+00
1.177e-09 0.0 1.050e+00
1.201e-09 0.0 1.050e+00
1.225e-09 0.0 1.050e+00
1.249e-09 0.0 1.050e+00
1.274e-09 0.0 1.050e+00
1.300e-09 0.0 1.050e+00
1.326e-09 0.0 1.050e+00
1.353e-09 0.0 1.050e+00
1.380e-09 0.0 1.050e+00
1.408e-09 0.0 1.050e+00
1.436e-09 0.0 1.050e+00
1.465e-09 0.0 1.050e+00
1.494e-09 0.0 1.050e+00
1.524e-09 0.0 1.050e+00
1.555e-09 0.0 1.050e+00
1.586e-09 0.0 1.050e+00
1.618e-09 0.0 1.050e+00
1.650e-09 0.0 1.050e+00
1.683e-09 0.0 1.050e+00
1.717e-09 0.0 1.050e+00
1.751e-09 0.0 1.050e+00
1.787e-09 0.0 1.050e+00
1.822e-09 0.0 1.050e+00
1.859e-09 0.0 1.050e+00
1.896e-09 0.0 1.050e+00
1.934e-09 0.0 1.050e+00
1.973e-09 0.0 1.050e+00
2.013e-09 0.0 1.050e+00
2.053e-09 0.0 1.050e+00
2.094e-09 0.0 1.050e+00
2.136e-09 0.0 1.050e+00
2.179e-09 0.0 1.050e+00
2.223e-09 0.0 1.050e+00
2.267e-09 0.0 1.050e+00
2.313e-09 0.0 1.050e+00
2.359e-09 0.0 1.050e+00
2.406e-09 0.0 1.050e+00
2.454e-09 0.0 1.050e+00
2.504e-09 0.0 1.050e+00
2.554e-09 0.0 1.050e+00
2.605e-09 0.0 1.050e+00
2.657e-09 0.0 1.050e+00
2.710e-09 0.0 1.050e+00
2.765e-09 0.0 1.050e+00
2.820e-09 0.0 1.050e+00
2.877e-09 0.0 1.050e+00
2.934e-09 0.0 1.050e+00
2.993e-09 0.0 1.050e+00
3.053e-09 0.0 1.050e+00
3.114e-09 0.0 1.050e+00
3.176e-09 0.0 1.050e+00
3.240e-09 0.0 1.050e+00
3.305e-09 0.0 1.050e+00
3.371e-09 0.0 1.050e+00
3.439e-09 0.0 1.050e+00
3.508e-09 0.0 1.050e+00
3.578e-09 0.0 1.050e+00
3.649e-09 0.0 1.050e+00
3.723e-09 0.0 1.050e+00
3.797e-09 0.0 1.050e+00
3.873e-09 0.0 1.050e+00
3.951e-09 0.0 1.050e+00
4.030e-09 0.0 1.050e+00
4.111e-09 0.0 1.050e+00
4.193e-09 0.0 1.050e+00
4.277e-09 0.0 1.050e+00
4.362e-09 0.0 1.050e+00
4.450e-09 0.0 1.050e+00
4.539e-09 0.0 1.050e+00
4.630e-09 0.0 1.050e+00
4.722e-09 0.0 1.050e+00
4.817e-09 0.0 1.050e+00
4.913e-09 0.0 1.050e+00
5.012e-09 0.0 1.050e+00
5.112e-09 0.0 1.050e+00
5.215e-09 0.0 1.050e+00
5.319e-09 0.0 1.050e+00
5.425e-09 0.0 1.050e+00
5.534e-09 0.0 1.050e+00
5.645e-09 0.0 1.050e+00
5.758e-09 0.0 1.050e+00
5.873e-09 0.0 1.050e+00
5.991e-09 0.0 1.050e+00
6.110e-09 0.0 1.050e+00
6.233e-09 0.0 1.050e+00
6.358e-09 0.0 1.050e+00
6.485e-09 0.0 1.050e+00
6.615e-09 0.0 1.050e+00
6.747e-09 0.0 1.050e+00
6.882e-09 0.0 1.050e+00
7.020e-09 0.0 1.050e+00
7.160e-09 0.0 1.050e+00
7.304e-09 0.0 1.050e+00
7.450e-09 0.0 1.050e+00
7.599e-09 0.0 1.050e+00
7.751e-09 0.0 1.050e+00
7.906e-09 0.0 1.050e+00
8.064e-09 0.0 1.050e+00
8.226e-09 0.0 1.050e+00
8.390e-09 0.0 1.050e+00
8.558e-09 0.0 1.050e+00
8.729e-09 0.0 1.050e+00
8.904e-09 0.0 1.050e+00
9.082e-09 0.0 1.050e+00
9.264e-09 0.0 1.050e+00
9.449e-09 0.0 1.050e+00
9.639e-09 0.0 1.050e+00
9.831e-09 0.0 1.050e+00
1.003e-08 0.0 1.050e+00
1.023e-08 0.0 1.050e+00
1.043e-08 0.0 1.050e+00
1.064e-08 0.0 1.050e+00
1.086e-08 0.0 1.050e+00
1.107e-08 0.0 1.050e+00
1.129e-08 0.0 1.050e+00
1.152e-08 0.0 1.050e+00
1.175e-08 0.0 1.050e+00
1.199e-08 0.0 1.050e+00
1.223e-08 0.0 1.050e+00
1.247e-08 0.0 1.050e+00
1.272e-08 0.0 1.050e+00
1.297e-08 0.0 1.050e+00
1.323e-08 0.0 1.050e+00
1.350e-08 0.0 1.050e+00
1.377e-08 0.0 1.050e+00
1.404e-08 0.0 1.050e+00
1.432e-08 0.0 1.050e+00
1.461e-08 0.0 1.050e+00
1.490e-08 0.0 1.050e+00
1.520e-08 0.0 1.050e+00
1.551e-08 0.0 1.050e+00
1.582e-08 0.0 1.050e+00
1.613e-08 0.0 1.050e+00
1.646e-08 0.0 1.050e+00
1.678e-08 0.0 1.050e+00
1.712e-08 0.0 1.050e+00
1.746e-08 0.0 1.050e+00
1.781e-08 0.0 1.050e+00
1.817e-08 0.0 1.050e+00
1.853e-08 0.0 1.050e+00
1.890e-08 0.0 1.050e+00
1.928e-08 0.0 1.050e+00
1.967e-08 0.0 1.050e+00
2.006e-08 0.0 1.050e+00
2.046e-08 0.0 1.050e+00
2.087e-08 0.0 1.050e+00
2.129e-08 0.0 1.050e+00
2.171e-08 0.0 1.050e+00
2.215e-08 0.0 1.050e+00
2.259e-08 0.0 1.050e+00
2.304e-08 0.0 1.050e+00
2.350e-08 0.0 1.050e+00
2.397e-08 0.0 1.050e+00
2.445e-08 0.0 1.050e+00
2.494e-08 0.0 1.050e+00
2.544e-08 0.0 1.050e+00
2.595e-08 0.0 1.050e+00
2.647e-08 0.0 1.050e+00
2.700e-08 0.0 1.050e+00
2.754e-08 0.0 1.050e+00
2.809e-08 0.0 1.050e+00
2.865e-08 0.0 1.050e+00
2.923e-08 0.0 1.050e+00
2.981e-08 0.0 1.050e+00
3.041e-08 0.0 1.050e+00
3.102e-08 0.0 1.050e+00
3.164e-08 0.0 1.050e+00
3.227e-08 0.0 1.050e+00
3.291e-08 0.0 1.050e+00
3.357e-08 0.0 1.050e+00
3.424e-08 0.0 1.050e+00
3.493e-08 0.0 1.050e+00
3.563e-08 0.0 1.050e+00
3.634e-08 0.0 1.050e+00
3.707e-08 0.0 1.050e+00
3.781e-08 0.0 1.050e+00
3.856e-08 0.0 1.050e+00
3.934e-08 0.0 1.050e+00
4.012e-08 0.0 1.050e+00
4.093e-08 0.0 1.050e+00
4.174e-08 0.0 1.050e+00
4.258e-08 0.0 1.050e+00
4.343e-08 0.0 1.050e+00
4.430e-08 0.0 1.050e+00
4.519e-08 0.0 1.050e+00
4.609e-08 0.0 1.050e+00
4.701e-08 0.0 1.050e+00
4.795e-08 0.0 1.050e+00
4.891e-08 0.0 1.050e+00
4.989e-08 0.0 1.050e+00
5.089e-08 0.0 1.050e+00
5.190e-08 0.0 1.050e+00
5.294e-08 0.0 1.050e+00
5.400e-08 0.0 1.050e+00
5.508e-08 0.0 1.050e+00
5.618e-08 0.0 1.050e+00
5.731e-08 0.0 1.050e+00
5.845e-08 0.0 1.050e+00
5.962e-08 0.0 1.050e+00
6.082e-08 0.0 1.050e+00
6.203e-08 0.0 1.050e+00
6.327e-08 0.0 1.050e+00
6.454e-08 0.0 1.050e+00
6.583e-08 0.0 1.050e+00
6.715e-08 0.0 1.050e+00
6.849e-08 0.0 1.050e+00
6.986e-08 0.0 1.050e+00
7.126e-08 0.0 1.050e+00
7.268e-08 0.0 1.050e+00
7.414e-08 0.0 1.050e+00
7.562e-08 0.0 1.050e+00
7.713e-08 0.0 1.050e+00
7.867e-08 0.0 1.050e+00
8.025e-08 0.0 1.050e+00
8.185e-08 0.0 1.050e+00
8.349e-08 0.0 1.050e+00
8.516e-08 0.0 1.050e+00
8.686e-08 0.0 1.050e+00
8.860e-08 0.0 1.050e+00
9.037e-08 0.0 1.050e+00
9.218e-08 0.0 1.050e+00
9.402e-08 0.0 1.050e+00
9.590e-08 0.0 1.050e+00
9.782e-08 0.0 1.050e+00
9.978e-08 0.0 1.050e+00
1.018e-07 0.0 1.050e+00
1.038e-07 0.0 1.050e+00
1.059e-07 0.0 1.050e+00
1.080e-07 0.0 1.050e+00
1.102e-07 0.0 1.050e+00
1.124e-07 0.0 1.050e+00
1.146e-07 0.0 1.050e+00
1.169e-07 0.0 1.050e+00
1.192e-07 0.0 1.050e+00
1.216e-07 0.0 1.050e+00
1.241e-07 0.0 1.050e+00
1.265e-07 0.0 1.050e+00
1.291e-07 0.0 1.050e+00
1.317e-07 0.0 1.050e+00
1.343e-07 0.0 1.050e+00
1.370e-07 0.0 1.050e+00
1.397e-07 0.0 1.050e+00
1.425e-07 0.0 1.050e+00
1.454e-07 0.0 1.050e+00
1.483e-07 0.0 1.050e+00
1.512e-07 0.0 1.050e+00
1.543e-07 0.0 1.050e+00
1.573e-07 0.0 1.050e+00
1.605e-07 0.0 1.050e+00
1.637e-07 0.0 1.050e+00
1.670e-07 0.0 1.050e+00
1.703e-07 0.0 1.050e+00
1.737e-07 0.0 1.050e+00
1.772e-07 0.0 1.050e+00
1.807e-07 0.0 1.050e+00
1.844e-07 0.0 1.050e+00
1.880e-07 0.0 1.050e+00
1.918e-07 0.0 1.050e+00
1.956e-07 0.0 1.050e+00
1.995e-07 0.0 1.050e+00
2.035e-07 0.0 1.050e+00
2.076e-07 0.0 1.050e+00
2.118e-07 0.0 1.050e+00
2.160e-07 0.0 1.050e+00
2.203e-07 0.0 1.050e+00
2.247e-07 0.0 1.050e+00
2.292e-07 0.0 1.050e+00
2.338e-07 0.0 1.050e+00
2.385e-07 0.0 1.050e+00
2.433e-07 0.0 1.050e+00
2.481e-07 0.0 1.050e+00
2.531e-07 0.0 1.050e+00
2.581e-07 0.0 1.050e+00
2.633e-07 0.0 1.050e+00
2.686e-07 0.0 1.050e+00
2.739e-07 0.0 1.050e+00
2.794e-07 0.0 1.050e+00
2.850e-07 0.0 1.050e+00
2.907e-07 0.0 1.050e+00
2.965e-07 0.0 1.050e+00
3.025e-07 0.0 1.050e+00
3.085e-07 0.0 1.050e+00
3.147e-07 0.0 1.050e+00
3.210e-07 0.0 1.050e+00
3.274e-07 0.0 1.050e+00
3.339e-07 0.0 1.050e+00
3.406e-07 0.0 1.050e+00
3.474e-07 0.0 1.050e+00
3.544e-07 0.0 1.050e+00
3.615e-07 0.0 1.050e+00
3.687e-07 0.0 1.050e+00
3.761e-07 0.0 1.050e+00
3.836e-07 0.0 1.050e+00
3.913e-07 0.0 1.050e+00
3.991e-07 0.0 1.050e+00
4.071e-07 0.0 1.050e+00
4.152e-07 0.0 1.050e+00
4.235e-07 0.0 1.050e+00
4.320e-07 0.0 1.050e+00
4.406e-07 0.0 1.050e+00
4.494e-07 0.0 1.050e+00
4.584e-07 0.0 1.050e+00
4.676e-07 0.0 1.050e+00
4.769e-07 0.0 1.050e+00
4.865e-07 0.0 1.050e+00
4.962e-07 0.0 1.050e+00
5.061e-07 0.0 1.050e+00
5.163e-07 0.0 1.050e+00
5.266e-07 0.0 1.050e+00
5.371e-07 0.0 1.050e+00
5.479e-07 0.0 1.050e+00
5.588e-07 0.0 1.050e+00
5.700e-07 0.0 1.050e+00
5.814e-07 0.0 1.050e+00
5.930e-07 0.0 1.050e+00
6.049e-07 0.0 1.050e+00
6.170e-07 0.0 1.050e+00
6.293e-07 0.0 1.050e+00
6.419e-07 0.0 1.050e+00
6.547e-07 0.0 1.050e+00
6.678e-07 0.0 1.050e+00
6.812e-07 0.0 1.050e+00
6.948e-07 0.0 1.050e+00
7.087e-07 0.0 1.050e+00
7.229e-07 0.0 1.050e+00
7.373e-07 0.0 1.050e+00
7.521e-07 0.0 1.050e+00
7.671e-07 0.0 1.050e+00
7.825e-07 0.0 1.050e+00
7.981e-07 0.0 1.050e+00
8.141e-07 0.0 1.050e+00
8.304e-07 0.0 1.050e+00
8.470e-07 0.0 1.050e+00
8.639e-07 0.0 1.050e+00
8.812e-07 0.0 1.050e+00
8.988e-07 0.0 1.050e+00
9.168e-07 0.0 1.050e+00
9.351e-07 0.0 1.050e+00
9.538e-07 0.0 1.050e+00
9.729e-07 0.0 1.050e+00
9.924e-07 0.0 1.050e+00
1.012e-06 0.0 1.050e+00
1.032e-06 0.0 1.050e+00
1.053e-06 0.0 1.050e+00
1.074e-06 0.0 1.050e+00
1.096e-06 0.0 1.050e+00
1.118e-06 0.0 1.050e+00
1.140e-06 0.0 1.050e+00
1.163e-06 0.0 1.050e+00
1.186e-06 0.0 1.050e+00
1.210e-06 0.0 1.050e+00
1.234e-06 0.0 1.050e+00
1.259e-06 0.0 1.050e+00
1.284e-06 0.0 1.050e+00
1.309e-06 0.0 1.050e+00
1.336e-06 0.0 1.050e+00
1.362e-06 0.0 1.050e+00
1.390e-06 0.0 1.050e+00
1.417e-06 0.0 1.050e+00
1.446e-06 0.0 1.050e+00
1.475e-06 0.0 1.050e+00
1.504e-06 0.0 1.050e+00
1.534e-06 0.0 1.050e+00
1.565e-06 0.0 1.050e+00
1.596e-06 0.0 1.050e+00
1.628e-06 0.0 1.050e+00
1.661e-06 0.0 1.050e+00
1.694e-06 0.0 1.050e+00
1.728e-06 0.0 1.050e+00
1.762e-06 0.0 1.050e+00
1.798e-06 0.0 1.050e+00
1.833e-06 0.0 1.050e+00
1.870e-06 0.0 1.050e+00
1.908e-06 0.0 1.050e+00
1.946e-06 0.0 1.050e+00
1.985e-06 0.0 1.050e+00
2.024e-06 0.0 1.050e+00
2.065e-06 0.0 1.050e+00
2.106e-06 0.0 1.050e+00
2.148e-06 0.0 1.050e+00
2.191e-06 0.0 1.050e+00
2.235e-06 0.0 1.050e+00
2.280e-06 0.0 1.050e+00
2.325e-06 0.0 1.050e+00
2.372e-06 0.0 1.050e+00
2.419e-06 0.0 1.050e+00
2.468e-06 0.0 1.050e+00
2.517e-06 0.0 1.050e+00
2.567e-06 0.0 1.050e+00
2.619e-06 0.0 1.050e+00
2.671e-06 0.0 1.050e+00
2.724e-06 0.0 1.050e+00
2.779e-06 0.0 1.050e+00
2.835e-06 0.0 1.050e+00
2.891e-06 0.0 1.050e+00
2.949e-06 0.0 1.050e+00
3.008e-06 0.0 1.050e+00
3.068e-06 0.0 1.050e+00
3.130e-06 0.0 1.050e+00
3.192e-06 0.0 1.050e+00
3.256e-06 0.0 1.050e+00
3.321e-06 0.0 1.050e+00
3.388e-06 0.0 1.050e+00
3.455e-06 0.0 1.050e+00
3.524e-06 0.0 1.050e+00
3.595e-06 0.0 1.050e+00
3.667e-06 0.0 1.050e+00
3.740e-06 0.0 1.050e+00
3.815e-06 0.0 1.050e+00
3.891e-06 0.0 1.050e+00
3.969e-06 0.0 1.050e+00
4.048e-06 0.0 1.050e+00
4.129e-06 0.0 1.050e+00
4.212e-06 0.0 1.050e+00
4.296e-06 0.0 1.050e+00
4.382e-06 0.0 1.050e+00
4.470e-06 0.0 1.050e+00
4.559e-06 0.0 1.050e+00
4.650e-06 0.0 1.050e+00
4.743e-06 0.0 1.050e+00
4.838e-06 0.0 1.050e+00
4.935e-06 0.0 1.050e+00
5.034e-06 0.0 1.050e+00
5.134e-06 0.0 1.050e+00
5.237e-06 0.0 1.050e+00
5.342e-06 0.0 1.050e+00
5.449e-06 0.0 1.050e+00
5.558e-06 0.0 1.050e+00
5.669e-06 0.0 1.050e+00
5.782e-06 0.0 1.050e+00
5.898e-06 0.0 1.050e+00
6.016e-06 0.0 1.050e+00
6.136e-06 0.0 1.050e+00
6.259e-06 0.0 1.050e+00
6.384e-06 0.0 1.050e+00
6.512e-06 0.0 1.050e+00
6.642e-06 0.0 1.050e+00
6.775e-06 0.0 1.050e+00
6.910e-06 0.0 1.050e+00
7.048e-06 0.0 1.050e+00
7.189e-06 0.0 1.050e+00
7.333e-06 0.0 1.050e+00
7.480e-06 0.0 1.050e+00
7.629e-06 0.0 1.050e+00
7.782e-06 0.0 1.050e+00
7.938e-06 0.0 1.050e+00
8.096e-06 0.0 1.050e+00
8.258e-06 0.0 1.050e+00
8.424e-06 0.0 1.050e+00
8.592e-06 0.0 1.050e+00
8.764e-06 0.0 1.050e+00
8.939e-06 0.0 1.050e+00
9.118e-06 0.0 1.050e+00
9.300e-06 0.0 1.050e+00
9.486e-06 0.0 1.050e+00
9.676e-06 0.0 1.050e+00
9.870e-06 0.0 1.050e+00
1.007e-05 0.0 1.050e+00
1.027e-05 0.0 1.050e+00
1.047e-05 0.0 1.050e+00
1.068e-05 0.0 1.050e+00
1.090e-05 0.0 1.050e+00
1.111e-05 0.0 1.050e+00
1.134e-05 0.0 1.050e+00
1.156e-05 0.0 1.050e+00
1.179e-05 0.0 1.050e+00
1.203e-05 0.0 1.050e+00
1.227e-05 0.0 1.050e+00
1.252e-05 0.0 1.050e+00
1.277e-05 0.0 1.050e+00
1.302e-05 0.0 1.050e+00
1.328e-05 0.0 1.050e+00
1.355e-05 0.0 1.050e+00
1.382e-05 0.0 1.050e+00
1.410e-05 0.0 1.050e+00
1.438e-05 0.0 1.050e+00
1.467e-05 0.0 1.050e+00
1.496e-05 0.0 1.050e+00
1.526e-05 0.0 1.050e+00
1.556e-05 0.0 1.050e+00
1.587e-05 0.0 1.050e+00
1.619e-05 0.0 1.050e+00
1.652e-05 0.0 1.050e+00
1.685e-05 0.0 1.050e+00
1.718e-05 0.0 1.050e+00
1.753e-05 0.0 1.050e+00
1.788e-05 0.0 1.050e+00
1.823e-05 0.0 1.050e+00
1.860e-05 0.0 1.050e+00
1.897e-05 0.0 1.050e+00
1.935e-05 0.0 1.050e+00
1.974e-05 0.0 1.050e+00
2.013e-05 0.0 1.050e+00
2.054e-05 0.0 1.050e+00
2.095e-05 0.0 1.050e+00
2.136e-05 0.0 1.050e+00
2.179e-05 0.0 1.050e+00
2.223e-05 0.0 1.050e+00
2.267e-05 0.0 1.050e+00
2.313e-05 0.0 1.050e+00
2.359e-05 0.0 1.050e+00
2.406e-05 0.0 1.050e+00
2.454e-05 0.0 1.050e+00
2.503e-05 0.0 1.050e+00
2.553e-05 0.0 1.050e+00
2.604e-05 0.0 1.050e+00
2.656e-05 0.0 1.050e+00
2.710e-05 0.0 1.050e+00
2.764e-05 0.0 1.050e+00
2.819e-05 0.0 1.050e+00
2.875e-05 0.0 1.050e+00
2.933e-05 0.0 1.050e+00
2.992e-05 0.0 1.050e+00
3.051e-05 0.0 1.050e+00
3.112e-05 0.0 1.050e+00
3.175e-05 0.0 1.050e+00
3.238e-05 0.0 1.050e+00
3.303e-05 0.0 1.050e+00
3.369e-05 0.0 1.050e+00
3.436e-05 0.0 1.050e+00
3.505e-05 0.0 1.050e+00
3.575e-05 0.0 1.050e+00
3.647e-05 0.0 1.050e+00
3.720e-05 0.0 1.050e+00
3.794e-05 0.0 1.050e+00
3.870e-05 0.0 1.050e+00
3.947e-05 0.0 1.050e+00
4.026e-05 0.0 1.050e+00
4.107e-05 0.0 1.050e+00
4.189e-05 0.0 1.050e+00
4.273e-05 0.0 1.050e+00
4.358e-05 0.0 1.050e+00
4.445e-05 0.0 1.050e+00
4.534e-05 0.0 1.050e+00
4.625e-05 0.0 1.050e+00
4.717e-05 0.0 1.050e+00
4.812e-05 0.0 1.050e+00
4.908e-05 0.0 1.050e+00
5.006e-05 0.0 1.050e+00
5.106e-05 0.0 1.050e+00
5.208e-05 0.0 1.050e+00
5.313e-05 0.0 1.050e+00
5.419e-05 0.0 1.050e+00
5.527e-05 0.0 1.050e+00
5.638e-05 0.0 1.050e+00
5.751e-05 0.0 1.050e+00
5.866e-05 0.0 1.050e+00
5.983e-05 0.0 1.050e+00
6.103e-05 0.0 1.050e+00
6.225e-05 0.0 1.050e+00
6.349e-05 0.0 1.050e+00
6.476e-05 0.0 1.050e+00
6.606e-05 0.0 1.050e+00
6.738e-05 0.0 1.050e+00
6.872e-05 0.0 1.050e+00
7.010e-05 0.0 1.050e+00
7.150e-05 0.0 1.050e+00
7.293e-05 0.0 1.050e+00
7.439e-05 0.0 1.050e+00
7.588e-05 0.0 1.050e+00
7.740e-05 0.0 1.050e+00
7.894e-05 0.0 1.050e+00
8.052e-05 0.0 1.050e+00
8.213e-05 0.0 1.050e+00
8.377e-05 0.0 1.050e+00
8.545e-05 0.0 1.050e+00
8.716e-05 0.0 1.050e+00
8.890e-05 0.0 1.050e+00
9.068e-05 0.0 1.050e+00
9.249e-05 0.0 1.050e+00
9.434e-05 0.0 1.050e+00
9.623e-05 0.0 1.050e+00
9.816e-05 0.0 1.050e+00
1.001e-04 0.0 1.050e+00
1.021e-04 0.0 1.050e+00
1.042e-04 0.0 1.050e+00
1.062e-04 0.0 1.050e+00
1.084e-04 0.0 1.050e+00
1.105e-04 0.0 1.050e+00
1.128e-04 0.0 1.050e+00
1.150e-04 0.0 1.050e+00
1.173e-04 0.0 1.050e+00
1.197e-04 0.0 1.050e+00
1.220e-04 0.0 1.050e+00
1.245e-04 0.0 1.050e+00
1.270e-04 0.0 1.050e+00
1.295e-04 0.0 1.050e+00
1.321e-04 0.0 1.050e+00
1.347e-04 0.0 1.050e+00
1.374e-04 0.0 1.050e+00
1.402e-04 0.0 1.050e+00
1.430e-04 0.0 1.050e+00
1.459e-04 0.0 1.050e+00
1.488e-04 0.0 1.050e+00
1.517e-04 0.0 1.050e+00
1.548e-04 0.0 1.050e+00
1.579e-04 0.0 1.050e+00
1.610e-04 0.0 1.050e+00
1.643e-04 0.0 1.050e+00
1.675e-04 0.0 1.050e+00
1.709e-04 0.0 1.050e+00
1.743e-04 0.0 1.050e+00
1.778e-04 0.0 1.050e+00
1.814e-04 0.0 1.050e+00
1.850e-04 0.0 1.050e+00
1.887e-04 0.0 1.050e+00
1.925e-04 0.0 1.050e+00
1.963e-04 0.0 1.050e+00
2.002e-04 0.0 1.050e+00
2.042e-04 0.0 1.050e+00
2.083e-04 0.0 1.050e+00
2.125e-04 0.0 1.050e+00
2.167e-04 0.0 1.050e+00
2.211e-04 0.0 1.050e+00
2.255e-04 0.0 1.050e+00
2.300e-04 0.0 1.050e+00
2.346e-04 0.0 1.050e+00
2.393e-04 0.0 1.050e+00
2.441e-04 0.0 1.050e+00
2.490e-04 0.0 1.050e+00
2.539e-04 0.0 1.050e+00
2.590e-04 0.0 1.050e+00
2.642e-04 0.0 1.050e+00
2.695e-04 0.0 1.050e+00
2.749e-04 0.0 1.050e+00
2.804e-04 0.0 1.050e+00
2.860e-04 0.0 1.050e+00
2.917e-04 0.0 1.050e+00
2.975e-04 0.0 1.050e+00
3.035e-04 0.0 1.050e+00
3.095e-04 0.0 1.050e+00
3.157e-04 0.0 1.050e+00
3.221e-04 0.0 1.050e+00
3.285e-04 0.0 1.050e+00
3.351e-04 0.0 1.050e+00
3.418e-04 0.0 1.050e+00
3.486e-04 0.0 1.050e+00
3.556e-04 0.0 1.050e+00
3.627e-04 0.0 1.050e+00
3.699e-04 0.0 1.050e+00
3.773e-04 0.0 1.050e+00
3.849e-04 0.0 1.050e+00
3.926e-04 0.0 1.050e+00
4.004e-04 0.0 1.050e+00
4.084e-04 0.0 1.050e+00
4.166e-04 0.0 1.050e+00
4.249e-04 0.0 1.050e+00
4.334e-04 0.0 1.050e+00
4.421e-04 0.0 1.050e+00
4.510e-04 0.0 1.050e+00
4.600e-04 0.0 1.050e+00
4.692e-04 0.0 1.050e+00
4.786e-04 0.0 1.050e+00
4.881e-04 0.0 1.050e+00
4.979e-04 0.0 1.050e+00
5.078e-04 0.0 1.050e+00
5.180e-04 0.0 1.050e+00
5.284e-04 0.0 1.050e+00
5.389e-04 0.0 1.050e+00
5.497e-04 0.0 1.050e+00
5.607e-04 0.0 1.050e+00
5.719e-04 0.0 1.050e+00
5.834e-04 0.0 1.050e+00
5.950e-04 0.0 1.050e+00
6.069e-04 0.0 1.050e+00
6.191e-04 0.0 1.050e+00
6.314e-04 0.0 1.050e+00
6.441e-04 0.0 1.050e+00
6.569e-04 0.0 1.050e+00
6.701e-04 0.0 1.050e+00
6.835e-04 0.0 1.050e+00
6.972e-04 0.0 1.050e+00
7.111e-04 0.0 1.050e+00
7.253e-04 0.0 1.050e+00
7.398e-04 0.0 1.050e+00
7.546e-04 0.0 1.050e+00
7.697e-04 0.0 1.050e+00
7.851e-04 0.0 1.050e+00
8.008e-04 0.0 1.050e+00
8.168e-04 0.0 1.050e+00
8.332e-04 0.0 1.050e+00
8.498e-04 0.0 1.050e+00
8.668e-04 0.0 1.050e+00
8.842e-04 0.0 1.050e+00
9.019e-04 0.0 1.050e+00
9.199e-04 0.0 1.050e+00
9.383e-04 0.0 1.050e+00
9.571e-04 0.0 1.050e+00
9.762e-04 0.0 1.050e+00
9.957e-04 0.0 1.050e+00
1.016e-03 0.0 1.050e+00
1.036e-03 0.0 1.050e+00
1.057e-03 0.0 1.050e+00
1.078e-03 0.0 1.050e+00
1.099e-03 0.0 1.050e+00
1.121e-03 0.0 1.050e+00
1.144e-03 0.0 1.050e+00
1.167e-03 0.0 1.050e+00
1.190e-03 0.0 1.050e+00
1.214e-03 0.0 1.050e+00
1.238e-03 0.0 1.050e+00
1.263e-03 0.0 1.050e+00
1.288e-03 0.0 1.050e+00
1.314e-03 0.0 1.050e+00
1.340e-03 0.0 1.050e+00
1.367e-03 0.0 1.050e+00
1.394e-03 0.0 1.050e+00
1.422e-03 0.0 1.050e+00
1.451e-03 0.0 1.050e+00
1.480e-03 0.0 1.050e+00
1.509e-03 0.0 1.050e+00
1.539e-03 0.0 1.050e+00
1.570e-03 0.0 1.050e+00
1.602e-03 0.0 1.050e+00
1.634e-03 0.0 1.050e+00
1.666e-03 0.0 1.050e+00
1.700e-03 0.0 1.050e+00
1.734e-03 0.0 1.050e+00
1.768e-03 0.0 1.050e+00
1.804e-03 0.0 1.050e+00
1.840e-03 0.0 1.050e+00
1.876e-03 0.0 1.050e+00
1.914e-03 0.0 1.050e+00
1.952e-03 0.0 1.050e+00
1.991e-03 0.0 1.050e+00
2.031e-03 0.0 1.050e+00
2.072e-03 0.0 1.050e+00
2.113e-03 0.0 1.050e+00
2.155e-03 0.0 1.050e+00
2.199e-03 0.0 1.050e+00
2.243e-03 0.0 1.050e+00
2.287e-03 0.0 1.050e+00
2.333e-03 0.0 1.050e+00
2.380e-03 0.0 1.050e+00
2.427e-03 0.0 1.050e+00
2.476e-03 0.0 1.050e+00
2.525e-03 0.0 1.050e+00
2.576e-03 0.0 1.050e+00
2.628e-03 0.0 1.050e+00
2.680e-03 0.0 1.050e+00
2.734e-03 0.0 1.050e+00
2.788e-03 0.0 1.050e+00
2.844e-03 0.0 1.050e+00
2.901e-03 0.0 1.050e+00
2.959e-03 0.0 1.050e+00
3.018e-03 0.0 1.050e+00
3.079e-03 0.0 1.050e+00
3.140e-03 0.0 1.050e+00
3.203e-03 0.0 1.050e+00
3.267e-03 0.0 1.050e+00
3.332e-03 0.0 1.050e+00
3.399e-03 0.0 1.050e+00
3.467e-03 0.0 1.050e+00
3.536e-03 0.0 1.050e+00
3.607e-03 0.0 1.050e+00
3.679e-03 0.0 1.050e+00
3.753e-03 0.0 1.050e+00
3.828e-03 0.0 1.050e+00
3.904e-03 0.0 1.050e+00
3.982e-03 0.0 1.050e+00
4.062e-03 0.0 1.050e+00
4.143e-03 0.0 1.050e+00
4.226e-03 0.0 1.050e+00
4.311e-03 0.0 1.050e+00
4.397e-03 0.0 1.050e+00
4.485e-03 0.0 1.050e+00
4.575e-03 0.0 1.050e+00
4.666e-03 0.0 1.050e+00
4.759e-03 0.0 1.050e+00
4.855e-03 0.0 1.050e+00
4.952e-03 0.0 1.050e+00
5.051e-03 0.0 1.050e+00
5.152e-03 0.0 1.050e+00
5.255e-03 0.0 1.050e+00
5.360e-03 0.0 1.050e+00
5.467e-03 0.0 1.050e+00
5.576e-03 0.0 1.050e+00
5.688e-03 0.0 1.050e+00
5.802e-03 0.0 1.050e+00
5.918e-03 0.0 1.050e+00
6.036e-03 0.0 1.050e+00
6.157e-03 0.0 1.050e+00
6.280e-03 0.0 1.050e+00
6.405e-03 0.0 1.050e+00
6.534e-03 0.0 1.050e+00
6.664e-03 0.0 1.050e+00
6.798e-03 0.0 1.050e+00
6.934e-03 0.0 1.050e+00
7.072e-03 0.0 1.050e+00
7.214e-03 0.0 1.050e+00
7.358e-03 0.0 1.050e+00
7.505e-03 0.0 1.050e+00
7.655e-03 0.0 1.050e+00
7.808e-03 0.0 1.050e+00
7.964e-03 0.0 1.050e+00
8.124e-03 0.0 1.050e+00
8.286e-03 0.0 1.050e+00
8.452e-03 0.0 1.050e+00
8.621e-03 0.0 1.050e+00
8.793e-03 0.0 1.050e+00
8.969e-03 0.0 1.050e+00
9.149e-03 0.0 1.050e+00
9.332e-03 0.0 1.050e+00
9.518e-03 0.0 1.050e+00
9.709e-03 0.0 1.050e+00
9.903e-03 0.0 1.050e+00
1.010e-02 0.0 1.050e+00
1.030e-02 0.0 1.050e+00
1.051e-02 0.0 1.050e+00
1.072e-02 0.0 1.050e+00
1.093e-02 0.0 1.050e+00
1.115e-02 0.0 1.050e+00
1.138e-02 0.0 1.050e+00
1.160e-02 0.0 1.050e+00
1.183e-02 0.0 1.050e+00
1.207e-02 0.0 1.050e+00
1.231e-02 0.0 1.050e+00
1.256e-02 0.0 1.050e+00
1.281e-02 0.0 1.050e+00
1.307e-02 0.0 1.050e+00
1.333e-02 0.0 1.050e+00
1.359e-02 0.0 1.050e+00
1.387e-02 0.0 1.050e+00
1.414e-02 0.0 1.050e+00
1.443e-02 0.0 1.050e+00
1.471e-02 0.0 1.050e+00
1.501e-02 0.0 1.050e+00
1.531e-02 0.0 1.050e+00
1.562e-02 0.0 1.050e+00
1.593e-02 0.0 1.050e+00
1.625e-02 0.0 1.050e+00
1.657e-02 0.0 1.050e+00
1.690e-02 0.0 1.050e+00
1.724e-02 0.0 1.050e+00
1.759e-02 0.0 1.050e+00
1.794e-02 0.0 1.050e+00
1.830e-02 0.0 1.050e+00
1.866e-02 0.0 1.050e+00
1.904e-02 0.0 1.050e+00
1.942e-02 0.0 1.050e+00
1.980e-02 0.0 1.050e+00
2.020e-02 0.0 1.050e+00
2.060e-02 0.0 1.050e+00
2.102e-02 0.0 1.050e+00
2.144e-02 0.0 1.050e+00
2.187e-02 0.0 1.050e+00
2.230e-02 0.0 1.050e+00
2.275e-02 0.0 1.050e+00
2.320e-02 0.0 1.050e+00
2.367e-02 0.0 1.050e+00
2.414e-02 0.0 1.050e+00
2.462e-02 0.0 1.050e+00
2.512e-02 0.0 1.050e+00
2.562e-02 0.0 1.050e+00
2.613e-02 0.0 1.050e+00
2.665e-02 0.0 1.050e+00
2.719e-02 0.0 1.050e+00
2.773e-02 0.0 1.050e+00
2.829e-02 0.0 1.050e+00
2.885e-02 0.0 1.050e+00
2.943e-02 0.0 1.050e+00
3.002e-02 0.0 1.050e+00
3.062e-02 0.0 1.050e+00
3.123e-02 0.0 1.050e+00
3.185e-02 0.0 1.050e+00
3.249e-02 0.0 1.050e+00
3.314e-02 0.0 1.050e+00
3.380e-02 0.0 1.050e+00
3.448e-02 0.0 1.050e+00
3.517e-02 0.0 1.050e+00
3.587e-02 0.0 1.050e+00
3.659e-02 0.0 1.050e+00
3.732e-02 0.0 1.050e+00
3.807e-02 0.0 1.050e+00
3.883e-02 0.0 1.050e+00
3.961e-02 0.0 1.050e+00
4.040e-02 0.0 1.050e+00
4.121e-02 0.0 1.050e+00
4.203e-02 0.0 1.050e+00
4.287e-02 0.0 1.050e+00
4.373e-02 0.0 1.050e+00
4.460e-02 0.0 1.050e+00
4.550e-02 0.0 1.050e+00
4.641e-02 0.0 1.050e+00
4.733e-02 0.0 1.050e+00
4.828e-02 0.0 1.050e+00
4.925e-02 0.0 1.050e+00
5.023e-02 0.0 1.050e+00
5.124e-02 0.0 1.050e+00
5.226e-02 0.0 1.050e+00
5.331e-02 0.0 1.050e+00
5.437e-02 0.0 1.050e+00
5.546e-02 0.0 1.050e+00
5.657e-02 0.0 1.050e+00
5.770e-02 0.0 1.050e+00
5.885e-02 0.0 1.050e+00
6.003e-02 0.0 1.050e+00
6.123e-02 0.0 1.050e+00
6.246e-02 0.0 1.050e+00
6.370e-02 0.0 1.050e+00
6.498e-02 0.0 1.050e+00
6.628e-02 0.0 1.050e+00
6.760e-02 0.0 1.050e+00
6.896e-02 0.0 1.050e+00
7.034e-02 0.0 1.050e+00
7.174e-02 0.0 1.050e+00
7.318e-02 0.0 1.050e+00
7.464e-02 0.0 1.050e+00
7.613e-02 0.0 1.050e+00
7.766e-02 0.0 1.050e+00
7.921e-02 0.0 1.050e+00
8.079e-02 0.0 1.050e+00
8.241e-02 0.0 1.050e+00
8.406e-02 0.0 1.050e+00
8.574e-02 0.0 1.050e+00
8.745e-02 0.0 1.050e+00
8.920e-02 0.0 1.050e+00
9.099e-02 0.0 1.050e+00
9.281e-02 0.0 1.050e+00
9.466e-02 0.0 1.050e+00
9.656e-02 0.0 1.050e+00
9.849e-02 0.0 1.050e+00
1.005e-01 0.0 1.050e+00
1.025e-01 0.0 1.050e+00
1.045e-01 0.0 1.050e+00
1.066e-01 0.0 1.050e+00
1.087e-01 0.0 1.050e+00
1.109e-01 0.0 1.050e+00
1.131e-01 0.0 1.050e+00
1.154e-01 0.0 1.050e+00
1.177e-01 0.0 1.050e+00
1.201e-01 0.0 1.050e+00
1.225e-01 0.0 1.050e+00
1.249e-01 0.0 1.050e+00
1.274e-01 0.0 1.050e+00
1.300e-01 0.0 1.050e+00
1.325e-01 0.0 1.050e+00
1.352e-01 0.0 1.050e+00
1.379e-01 0.0 1.050e+00
1.407e-01 0.0 1.050e+00
1.435e-01 0.0 1.050e+00
1.463e-01 0.0 1.050e+00
1.493e-01 0.0 1.050e+00
1.523e-01 0.0 1.050e+00
1.553e-01 0.0 1.050e+00
1.584e-01 0.0 1.050e+00
1.616e-01 0.0 1.050e+00
1.648e-01 0.0 1.050e+00
1.681e-01 0.0 1.050e+00
1.715e-01 0.0 1.050e+00
1.749e-01 0.0 1.050e+00
1.784e-01 0.0 1.050e+00
1.820e-01 0.0 1.050e+00
1.856e-01 0.0 1.050e+00
1.893e-01 0.0 1.050e+00
1.931e-01 0.0 1.050e+00
1.970e-01 0.0 1.050e+00
2.009e-01 0.0 1.050e+00
2.049e-01 0.0 1.050e+00
2.090e-01 0.0 1.050e+00
2.132e-01 0.0 1.050e+00
2.175e-01 0.0 1.050e+00
2.218e-01 0.0 1.050e+00
2.262e-01 0.0 1.050e+00
2.308e-01 0.0 1.050e+00
2.354e-01 0.0 1.050e+00
2.401e-01 0.0 1.050e+00
2.449e-01 0.0 1.050e+00
2.498e-01 0.0 1.050e+00
2.548e-01 0.0 1.050e+00
2.599e-01 0.0 1.050e+00
2.651e-01 0.0 1.050e+00
2.704e-01 0.0 1.050e+00
2.758e-01 0.0 1.050e+00
2.813e-01 0.0 1.050e+00
2.869e-01 0.0 1.050e+00
2.927e-01 0.0 1.050e+00
2.985e-01 0.0 1.050e+00
3.045e-01 0.0 1.050e+00
3.106e-01 0.0 1.050e+00
3.168e-01 0.0 1.050e+00
3.231e-01 0.0 1.050e+00
3.296e-01 0.0 1.050e+00
3.362e-01 0.0 1.050e+00
3.429e-01 0.0 1.050e+00
3.498e-01 0.0 1.050e+00
3.568e-01 0.0 1.050e+00
3.639e-01 0.0 1.050e+00
3.712e-01 0.0 1.050e+00
3.786e-01 0.0 1.050e+00
3.862e-01 0.0 1.050e+00
3.939e-01 0.0 1.050e+00
4.018e-01 0.0 1.050e+00
4.098e-01 0.0 1.050e+00
4.180e-01 0.0 1.050e+00
4.264e-01 0.0 1.050e+00
4.349e-01 0.0 1.050e+00
4.436e-01 0.0 1.050e+00
4.525e-01 0.0 1.050e+00
4.615e-01 0.0 1.050e+00
4.707e-01 0.0 1.050e+00
4.802e-01 0.0 1.050e+00
4.898e-01 0.0 1.050e+00
4.996e-01 0.0 1.050e+00
5.096e-01 0.0 1.050e+00
5.197e-01 0.0 1.050e+00
5.301e-01 0.0 1.050e+00
5.407e-01 0.0 1.050e+00
5.516e-01 0.0 1.050e+00
5.626e-01 0.0 1.050e+00
5.738e-01 0.0 1.050e+00
5.853e-01 0.0 1.050e+00
5.970e-01 0.0 1.050e+00
6.090e-01 0.0 1.050e+00
6.211e-01 0.0 1.050e+00
6.336e-01 0.0 1.050e+00
6.462e-01 0.0 1.050e+00
6.592e-01 0.0 1.050e+00
6.723e-01 0.0 1.050e+00
6.858e-01 0.0 1.050e+00
6.995e-01 0.0 1.050e+00
7.135e-01 0.0 1.050e+00
7.278e-01 0.0 1.050e+00
7.423e-01 0.0 1.050e+00
7.572e-01 0.0 1.050e+00
7.723e-01 0.0 1.050e+00
7.878e-01 0.0 1.050e+00
8.035e-01 0.0 1.050e+00
8.196e-01 0.0 1.050e+00
8.360e-01 0.0 1.050e+00
8.527e-01 0.0 1.050e+00
8.698e-01 0.0 1.050e+00
8.871e-01 0.0 1.050e+00
9.049e-01 0.0 1.050e+00
9.230e-01 0.0 1.050e+00
9.414e-01 0.0 1.050e+00
9.603e-01 0.0 1.050e+00
9.795e-01 0.0 1.050e+00
9.991e-01 0.0 1.050e+00
1.019e+00 0.0 1.050e+00
1.039e+00 0.0 1.050e+00
1.060e+00 0.0 1.050e+00
1.081e+00 0.0 1.050e+00
1.103e+00 0.0 1.050e+00
1.125e+00 0.0 1.050e+00
1.148e+00 0.0 1.050e+00
1.171e+00 0.0 1.050e+00
1.194e+00 0.0 1.050e+00
1.218e+00 0.0 1.050e+00
1.242e+00 0.0 1.050e+00
1.267e+00 0.0 1.050e+00
1.292e+00 0.0 1.050e+00
1.318e+00 0.0 1.050e+00
1.345e+00 0.0 1.050e+00
1.372e+00 0.0 1.050e+00
1.399e+00 0.0 1.050e+00
1.427e+00 0.0 1.050e+00
1.455e+00 0.0 1.050e+00
1.485e+00 0.0 1.050e+00
1.514e+00 0.0 1.050e+00
1.545e+00 0.0 1.050e+00
1.575e+00 0.0 1.050e+00
1.607e+00 0.0 1.050e+00
1.639e+00 0.0 1.050e+00
1.672e+00 0.0 1.050e+00
1.705e+00 0.0 1.050e+00
1.739e+00 0.0 1.050e+00
1.774e+00 0.0 1.050e+00
1.810e+00 0.0 1.050e+00
1.846e+00 0.0 1.050e+00
1.883e+00 0.0 1.050e+00
1.920e+00 0.0 1.050e+00
1.959e+00 0.0 1.050e+00
1.998e+00 0.0 1.050e+00
2.038e+00 0.0 1.050e+00
2.079e+00 0.0 1.050e+00
2.120e+00 0.0 1.050e+00
2.163e+00 0.0 1.050e+00
2.206e+00 0.0 1.050e+00
2.250e+00 0.0 1.050e+00
2.295e+00 0.0 1.050e+00
2.341e+00 0.0 1.050e+00
2.388e+00 0.0 1.050e+00
2.436e+00 0.0 1.050e+00
2.484e+00 0.0 1.050e+00
2.534e+00 0.0 1.050e+00
2.585e+00 0.0 1.050e+00
2.636e+00 0.0 1.050e+00
2.689e+00 0.0 1.050e+00
2.743e+00 0.0 1.050e+00
2.798e+00 0.0 1.050e+00
2.854e+00 0.0 1.050e+00
2.911e+00 0.0 1.050e+00
2.969e+00 0.0 1.050e+00
3.028e+00 0.0 1.050e+00
3.089e+00 0.0 1.050e+00
3.151e+00 0.0 1.050e+00
3.214e+00 0.0 1.050e+00
3.278e+00 0.0 1.050e+00
3.344e+00 0.0 1.050e+00
3.410e+00 0.0 1.050e+00
3.479e+00 0.0 1.050e+00
3.548e+00 0.0 1.050e+00
3.619e+00 0.0 1.050e+00
3.692e+00 0.0 1.050e+00
3.765e+00 0.0 1.050e+00
3.841e+00 0.0 1.050e+00
3.917e+00 0.0 1.050e+00
3.996e+00 0.0 1.050e+00
4.076e+00 0.0 1.050e+00
4.157e+00 0.0 1.050e+00
4.240e+00 0.0 1.050e+00
4.325e+00 0.0 1.050e+00
4.412e+00 0.0 1.050e+00
4.500e+00 0.0 1.050e+00
4.590e+00 0.0 1.050e+00
4.682e+00 0.0 1.050e+00
4.775e+00 0.0 1.050e+00
4.871e+00 0.0 1.050e+00
4.968e+00 0.0 1.050e+00
5.068e+00 0.0 1.050e+00
5.169e+00 0.0 1.050e+00
5.272e+00 0.0 1.050e+00
5.378e+00 0.0 1.050e+00
5.485e+00 0.0 1.050e+00
5.595e+00 0.0 1.050e+00
5.707e+00 0.0 1.050e+00
5.821e+00 0.0 1.050e+00
5.938e+00 0.0 1.050e+00
6.056e+00 0.0 1.050e+00
6.177e+00 0.0 1.050e+00
6.301e+00 0.0 1.050e+00
6.427e+00 0.0 1.050e+00
6.556e+00 0.0 1.050e+00
6.687e+00 0.0 1.050e+00
6.820e+00 0.0 1.050e+00
6.957e+00 0.0 1.050e+00
7.096e+00 0.0 1.050e+00
7.238e+00 0.0 1.050e+00
7.383e+00 0.0 1.050e+00
7.530e+00 0.0 1.050e+00
7.681e+00 0.0 1.050e+00
7.835e+00 0.0 1.050e+00
7.991e+00 0.0 1.050e+00
8.151e+00 0.0 1.050e+00
8.314e+00 0.0 1.050e+00
8.480e+00 0.0 1.050e+00
8.650e+00 0.0 1.050e+00
8.823e+00 0.0 1.050e+00
8.999e+00 0.0 1.050e+00
9.179e+00 0.0 1.050e+00
9.363e+00 0.0 1.050e+00
9.550e+00 0.0 1.050e+00
9.741e+00 0.0 1.050e+00
9.936e+00 0.0 1.050e+00
1.013e+01 0.0 1.050e+00
1.034e+01 0.0 1.050e+00
1.054e+01 0.0 1.050e+00
1.076e+01 0.0 1.050e+00
1.097e+01 0.0 1.050e+00
1.119e+01 0.0 1.050e+00
1.141e+01 0.0 1.050e+00
1.164e+01 0.0 1.050e+00
1.187e+01 0.0 1.050e+00
1.211e+01 0.0 1.050e+00
1.235e+01 0.0 1.050e+00
1.260e+01 0.0 1.050e+00
1.285e+01 0.0 1.050e+00
1.311e+01 0.0 1.050e+00
1.337e+01 0.0 1.050e+00
1.364e+01 0.0 1.050e+00
1.391e+01 0.0 1.050e+00
1.419e+01 0.0 1.050e+00
1.448e+01 0.0 1.050e+00
1.476e+01 0.0 1.050e+00
1.506e+01 0.0 1.050e+00
1.536e+01 0.0 1.050e+00
1.567e+01 0.0 1.050e+00
1.598e+01 0.0 1.050e+00
1.630e+01 0.0 1.050e+00
1.663e+01 0.0 1.050e+00
1.696e+01 0.0 1.050e+00
1.730e+01 0.0 1.050e+00
1.764e+01 0.0 1.050e+00
1.800e+01 0.0 1.050e+00
1.836e+01 0.0 1.050e+00
1.872e+01 0.0 1.050e+00
1.910e+01 0.0 1.050e+00
1.948e+01 0.0 1.050e+00
1.987e+01 0.0 1.050e+00
2.027e+01 0.0 1.050e+00
2.067e+01 0.0 1.050e+00
2.109e+01 0.0 1.050e+00
2.151e+01 0.0 1.050e+00
2.194e+01 0.0 1.050e+00
2.238e+01 0.0 1.050e+00
2.283e+01 0.0 1.050e+00
2.328e+01 0.0 1.050e+00
2.375e+01 0.0 1.050e+00
2.422e+01 0.0 1.050e+00
2.471e+01 0.0 1.050e+00
2.520e+01 0.0 1.050e+00
2.571e+01 0.0 1.050e+00
2.622e+01 0.0 1.050e+00
2.674e+01 0.0 1.050e+00
2.728e+01 0.0 1.050e+00
2.782e+01 0.0 1.050e+00
2.838e+01 0.0 1.050e+00
2.895e+01 0.0 1.050e+00
2.953e+01 0.0 1.050e+00
3.012e+01 0.0 1.050e+00
3.072e+01 0.0 1.050e+00
3.133e+01 0.0 1.050e+00
3.196e+01 0.0 1.050e+00
3.260e+01 0.0 1.050e+00
3.325e+01 0.0 1.050e+00
3.392e+01 0.0 1.050e+00
3.460e+01 0.0 1.050e+00
3.529e+01 0.0 1.050e+00
3.599e+01 0.0 1.050e+00
3.671e+01 0.0 1.050e+00
3.745e+01 0.0 1.050e+00
3.820e+01 0.0 1.050e+00
3.896e+01 0.0 1.050e+00
3.974e+01 0.0 1.050e+00
4.053e+01 0.0 1.050e+00
4.135e+01 0.0 1.050e+00
4.217e+01 0.0 1.050e+00
4.302e+01 0.0 1.050e+00
4.388e+01 0.0 1.050e+00
4.475e+01 0.0 1.050e+00
4.565e+01 0.0 1.050e+00
4.656e+01 0.0 1.050e+00
4.749e+01 0.0 1.050e+00
4.844e+01 0.0 1.050e+00
4.941e+01 0.0 1.050e+00
5.040e+01 0.0 1.050e+00
5.141e+01 0.0 1.050e+00
5.244e+01 0.0 1.050e+00
5.348e+01 0.0 1.050e+00
5.455e+01 0.0 1.050e+00
5.565e+01 0.0 1.050e+00
5.676e+01 0.0 1.050e+00
5.789e+01 0.0 1.050e+00
5.905e+01 0.0 1.050e+00
6.023e+01 0.0 1.050e+00
6.144e+01 0.0 1.050e+00
6.267e+01 0.0 1.050e+00
6.392e+01 0.0 1.050e+00
6.520e+01 0.0 1.050e+00
6.650e+01 0.0 1.050e+00
6.783e+01 0.0 1.050e+00
6.919e+01 0.0 1.050e+00
7.057e+01 0.0 1.050e+00
7.198e+01 0.0 1.050e+00
7.342e+01 0.0 1.050e+00
7.489e+01 0.0 1.050e+00
7.639e+01 0.0 1.050e+00
7.792e+01 0.0 1.050e+00
7.948e+01 0.0 1.050e+00
8.107e+01 0.0 1.050e+00
8.269e+01 0.0 1.050e+00
8.434e+01 0.0 1.050e+00
8.603e+01 0.0 1.050e+00
8.775e+01 0.0 1.050e+00
8.950e+01 0.0 1.050e+00
9.129e+01 0.0 1.050e+00
9.312e+01 0.0 1.050e+00
9.498e+01 0.0 1.050e+00
9.688e+01 0.0 1.050e+00
9.882e+01 0.0 1.050e+00
1.008e+02 0.0 1.050e+00
