freq ReZ ImZ ReErrZ ImErrZ C G errC errG
9.157509e+05 9.343883e-06 -5.575988e-04 1.627315e-07 7.783562e-06 3.116011e-04 3.004428e+01 9.091321e-08 7.025902e-03
8.090615e+05 1.065744e-05 -6.310779e-04 1.982391e-07 8.809013e-06 3.116247e-04 2.675243e+01 9.786205e-08 6.304546e-03
7.147963e+05 1.233549e-05 -7.142353e-04 2.436506e-07 9.969201e-06 3.116499e-04 2.417376e+01 1.062830e-07 5.825709e-03
6.321113e+05 1.445915e-05 -8.075719e-04 3.011674e-07 1.127095e-05 3.116780e-04 2.216365e+01 1.161967e-07 5.536597e-03
5.595971e+05 1.713639e-05 -9.120961e-04 3.737145e-07 1.272811e-05 3.117100e-04 2.059135e+01 1.276724e-07 5.396765e-03
4.952947e+05 2.054218e-05 -1.030341e-03 4.660262e-07 1.437569e-05 3.117474e-04 1.934247e+01 1.409482e-07 5.378392e-03
4.385965e+05 2.484509e-05 -1.163305e-03 5.826564e-07 1.622722e-05 3.117908e-04 1.835080e+01 1.560932e-07 5.464550e-03
3.885004e+05 3.028215e-05 -1.312999e-03 7.299990e-07 1.831019e-05 3.118410e-04 1.755604e+01 1.732846e-07 5.643468e-03
3.442341e+05 3.714178e-05 -1.481426e-03 9.158225e-07 2.065178e-05 3.118986e-04 1.691336e+01 1.926956e-07 5.907687e-03
3.050641e+05 4.579692e-05 -1.671086e-03 1.150156e-06 2.328592e-05 3.119638e-04 1.638750e+01 2.145537e-07 6.253437e-03
2.704164e+05 5.670182e-05 -1.884467e-03 1.445196e-06 2.624604e-05 3.120366e-04 1.595243e+01 2.390841e-07 6.679094e-03
2.397507e+05 7.043679e-05 -2.124548e-03 1.816509e-06 2.957200e-05 3.121164e-04 1.558796e+01 2.665695e-07 7.185538e-03
2.126302e+05 8.770757e-05 -2.394287e-03 2.282993e-06 3.330288e-05 3.122026e-04 1.527926e+01 2.972916e-07 7.774750e-03
1.885725e+05 1.094826e-04 -2.698132e-03 2.870573e-06 3.749765e-05 3.122943e-04 1.501428e+01 3.317073e-07 8.453041e-03
1.672520e+05 1.369132e-04 -3.039982e-03 3.609997e-06 4.220668e-05 3.123904e-04 1.478507e+01 3.702146e-07 9.226305e-03
1.483900e+05 1.713979e-04 -3.423682e-03 4.538541e-06 4.747820e-05 3.124893e-04 1.458585e+01 4.132101e-07 1.010084e-02
1.316482e+05 2.148916e-04 -3.855520e-03 5.708246e-06 5.339208e-05 3.125900e-04 1.441141e+01 4.613682e-07 1.108893e-02
1.168224e+05 2.696275e-04 -4.340160e-03 7.178288e-06 6.000299e-05 3.126910e-04 1.425870e+01 5.151783e-07 1.219924e-02
1.036592e+05 3.386960e-04 -4.885118e-03 9.030336e-06 6.740062e-05 3.127913e-04 1.412463e+01 5.754411e-07 1.344678e-02
9.199632e+04 4.256708e-04 -5.496181e-03 1.135816e-05 7.564532e-05 3.128898e-04 1.400730e+01 6.427487e-07 1.484195e-02
8.163265e+04 5.355187e-04 -6.182807e-03 1.429143e-05 8.483887e-05 3.129858e-04 1.390456e+01 7.180733e-07 1.640248e-02
7.246377e+04 6.735828e-04 -6.950020e-03 1.796764e-05 9.501237e-05 3.130782e-04 1.381524e+01 8.018581e-07 1.813415e-02
6.430868e+04 8.479426e-04 -7.810630e-03 2.259359e-05 1.062843e-04 3.131669e-04 1.373744e+01 8.953369e-07 2.005767e-02
5.711022e+04 1.066186e-03 -8.766726e-03 2.835739e-05 1.186107e-04 3.132509e-04 1.367041e+01 9.984922e-07 2.216597e-02
5.068424e+04 1.342175e-03 -9.838664e-03 3.560379e-05 1.321525e-04 3.133308e-04 1.361222e+01 1.113154e-06 2.448688e-02
4.498426e+04 1.688779e-03 -1.103036e-02 4.463615e-05 1.468147e-04 3.134061e-04 1.356222e+01 1.239202e-06 2.700419e-02
3.993610e+04 2.122343e-03 -1.234827e-02 5.582669e-05 1.624808e-04 3.134764e-04 1.351947e+01 1.376566e-06 2.969761e-02
3.546099e+04 2.663489e-03 -1.380036e-02 6.962347e-05 1.789771e-04 3.135419e-04 1.348301e+01 1.525027e-06 3.253652e-02
3.148615e+04 3.337913e-03 -1.539462e-02 8.655019e-05 1.960260e-04 3.136027e-04 1.345195e+01 1.683942e-06 3.547190e-02
2.794857e+04 4.177070e-03 -1.713712e-02 1.071918e-04 2.131878e-04 3.136593e-04 1.342554e+01 1.851899e-06 3.842604e-02
2.481390e+04 5.211381e-03 -1.901727e-02 1.319876e-04 2.296930e-04 3.137113e-04 1.340323e+01 2.025201e-06 4.126359e-02
2.203128e+04 6.479878e-03 -2.102729e-02 1.614148e-04 2.446158e-04 3.137592e-04 1.338443e+01 2.199663e-06 4.382118e-02
1.956182e+04 8.022729e-03 -2.314633e-02 1.957358e-04 2.567097e-04 3.138032e-04 1.336862e+01 2.369049e-06 4.587913e-02
1.736714e+04 9.883938e-03 -2.534525e-02 2.349737e-04 2.644569e-04 3.138436e-04 1.335534e+01 2.525539e-06 4.716989e-02
1.542020e+04 1.209909e-02 -2.757357e-02 2.785649e-04 2.660825e-04 3.138806e-04 1.334424e+01 2.659042e-06 4.738099e-02
1.369113e+04 1.470155e-02 -2.977156e-02 3.254303e-04 2.597477e-04 3.139144e-04 1.333497e+01 2.758670e-06 4.618868e-02
1.215658e+04 1.770719e-02 -3.186067e-02 3.736680e-04 2.437720e-04 3.139454e-04 1.332724e+01 2.813101e-06 4.329761e-02
1.079447e+04 2.111349e-02 -3.375237e-02 4.206480e-04 2.169720e-04 3.139736e-04 1.332080e+01 2.812461e-06 3.850029e-02
9.587728e+03 2.488367e-02 -3.534948e-02 4.630481e-04 1.791249e-04 3.139992e-04 1.331544e+01 2.750293e-06 3.175903e-02
8.510638e+03 2.899024e-02 -3.657168e-02 4.976604e-04 1.307656e-04 3.140224e-04 1.331096e+01 2.624196e-06 2.316927e-02
7.558579e+03 3.330766e-02 -3.733056e-02 5.209261e-04 7.454389e-05 3.140427e-04 1.330725e+01 2.439909e-06 1.320045e-02
6.711409e+03 3.775367e-02 -3.758189e-02 5.306961e-04 1.350528e-05 3.140601e-04 1.330414e+01 2.207318e-06 2.390437e-03
5.959476e+03 4.219544e-02 -3.730635e-02 5.259400e-04 4.810067e-05 3.140738e-04 1.330155e+01 1.942619e-06 8.510515e-03
5.291005e+03 4.651786e-02 -3.652166e-02 5.072367e-04 1.061785e-04 3.140831e-04 1.329939e+01 1.663481e-06 1.878021e-02
4.697041e+03 5.060955e-02 -3.527876e-02 4.765982e-04 1.570934e-04 3.140868e-04 1.329759e+01 1.387574e-06 2.777821e-02
4.171882e+03 5.436560e-02 -3.366327e-02 4.372650e-04 1.981456e-04 3.140834e-04 1.329611e+01 1.130698e-06 3.502949e-02
3.703704e+03 5.776066e-02 -3.175344e-02 3.923549e-04 2.285050e-04 3.140707e-04 1.329489e+01 9.006375e-07 4.038922e-02
3.288392e+03 6.074962e-02 -2.965155e-02 3.453468e-04 2.480244e-04 3.140461e-04 1.329392e+01 7.037295e-07 4.383292e-02
2.920561e+03 6.332774e-02 -2.745053e-02 2.990747e-04 2.576998e-04 3.140067e-04 1.329316e+01 5.411324e-07 4.553764e-02
2.593361e+03 6.552496e-02 -2.521724e-02 2.553540e-04 2.591249e-04 3.139482e-04 1.329261e+01 4.101112e-07 4.578565e-02
2.302556e+03 6.736974e-02 -2.301446e-02 2.155061e-04 2.540318e-04 3.138661e-04 1.329225e+01 3.071414e-07 4.488333e-02
2.044572e+03 6.889748e-02 -2.089215e-02 1.802461e-04 2.441620e-04 3.137551e-04 1.329209e+01 2.279448e-07 4.313846e-02
1.815541e+03 7.015096e-02 -1.888053e-02 1.496977e-04 2.310585e-04 3.136095e-04 1.329213e+01 1.679499e-07 4.082357e-02
1.612123e+03 7.117120e-02 -1.699850e-02 1.236697e-04 2.159927e-04 3.134229e-04 1.329237e+01 1.230560e-07 3.816313e-02
1.431434e+03 7.199568e-02 -1.525618e-02 1.017858e-04 1.999606e-04 3.131884e-04 1.329283e+01 8.979445e-08 3.533291e-02
1.271133e+03 7.265691e-02 -1.365887e-02 8.359791e-05 1.837256e-04 3.129009e-04 1.329351e+01 6.537021e-08 3.246752e-02
1.128668e+03 7.318507e-02 -1.220185e-02 6.857395e-05 1.677845e-04 3.125555e-04 1.329444e+01 4.750720e-08 2.965457e-02
1.002205e+03 7.360404e-02 -1.088167e-02 5.625092e-05 1.525067e-04 3.121516e-04 1.329561e+01 3.451415e-08 2.695910e-02
8.896797e+02 7.393518e-02 -9.688048e-03 4.616281e-05 1.380745e-04 3.116929e-04 1.329705e+01 2.507031e-08 2.441316e-02
7.905138e+02 7.419272e-02 -8.623443e-03 3.800537e-05 1.247413e-04 3.112009e-04 1.329875e+01 1.828168e-08 2.206134e-02
7.017544e+02 7.439458e-02 -7.662078e-03 3.131661e-05 1.123485e-04 3.106823e-04 1.330075e+01 1.332824e-08 1.987557e-02
6.230530e+02 7.454962e-02 -6.805173e-03 2.589076e-05 1.010182e-04 3.101985e-04 1.330303e+01 9.752790e-09 1.787726e-02
5.534034e+02 7.466694e-02 -6.045695e-03 2.149799e-05 9.073682e-05 3.098346e-04 1.330558e+01 7.175949e-09 1.606390e-02
4.914005e+02 7.475467e-02 -5.370911e-03 1.791801e-05 8.139213e-05 3.096848e-04 1.330839e+01 5.305726e-09 1.441563e-02
4.363002e+02 7.481853e-02 -4.775596e-03 1.500400e-05 7.294111e-05 3.099404e-04 1.331144e+01 3.951197e-09 1.292476e-02
3.874467e+02 7.486334e-02 -4.254917e-03 1.263463e-05 6.533536e-05 3.108567e-04 1.331466e+01 2.972179e-09 1.158267e-02
3.439972e+02 7.489330e-02 -3.801705e-03 1.069908e-05 5.848269e-05 3.127807e-04 1.331801e+01 2.262357e-09 1.037304e-02
3.054368e+02 7.491184e-02 -3.412848e-03 9.119244e-06 5.233135e-05 3.162383e-04 1.332138e+01 1.750205e-09 9.286672e-03
2.712232e+02 7.492198e-02 -3.084614e-03 7.827920e-06 4.681766e-05 3.219142e-04 1.332463e+01 1.382399e-09 8.312279e-03
2.408478e+02 7.492650e-02 -2.813932e-03 6.770060e-06 4.187734e-05 3.307563e-04 1.332761e+01 1.120808e-09 7.438475e-03
2.138580e+02 7.492799e-02 -2.598442e-03 5.901479e-06 3.745072e-05 3.440310e-04 1.333012e+01 9.385584e-10 6.654693e-03
1.898975e+02 7.492903e-02 -2.437202e-03 5.188263e-06 3.349052e-05 3.634403e-04 1.333186e+01 8.176869e-10 5.952552e-03
1.686341e+02 7.493222e-02 -2.329204e-03 4.601906e-06 2.995098e-05 3.911341e-04 1.333251e+01 7.459579e-10 5.323962e-03
1.497454e+02 7.494034e-02 -2.274048e-03 4.118863e-06 2.678597e-05 4.299670e-04 1.333167e+01 7.164422e-10 4.760764e-03
1.329610e+02 7.495637e-02 -2.271907e-03 3.720350e-06 2.395636e-05 4.835823e-04 1.332885e+01 7.268233e-10 4.256045e-03
1.180638e+02 7.498360e-02 -2.323243e-03 3.391560e-06 2.143082e-05 5.564792e-04 1.332346e+01 7.791011e-10 3.804283e-03
1.048438e+02 7.502559e-02 -2.428264e-03 3.119598e-06 1.917824e-05 6.541838e-04 1.331484e+01 8.794696e-10 3.400013e-03
9.310987e+01 7.508628e-02 -2.587364e-03 2.893928e-06 1.716983e-05 7.835115e-04 1.330222e+01 1.039332e-09 3.038184e-03
8.264463e+01 7.517046e-02 -2.801570e-03 2.704782e-06 1.537148e-05 9.534759e-04 1.328465e+01 1.276869e-09 2.712786e-03
7.342144e+01 7.528196e-02 -3.068567e-03 2.547257e-06 1.378140e-05 1.171737e-03 1.326136e+01 1.613376e-09 2.423648e-03
6.518905e+01 7.542719e-02 -3.389083e-03 2.412523e-06 1.235853e-05 1.451429e-03 1.323111e+01 2.081698e-09 2.163512e-03
5.787037e+01 7.561197e-02 -3.761352e-03 2.296345e-06 1.109150e-05 1.804901e-03 1.319277e+01 2.720070e-09 1.930467e-03
5.138746e+01 7.584208e-02 -4.180461e-03 2.194464e-06 9.968411e-06 2.244136e-03 1.314535e+01 3.568321e-09 1.722544e-03
4.564126e+01 7.612438e-02 -4.640891e-03 2.102714e-06 8.973415e-06 2.782308e-03 1.308775e+01 4.667970e-09 1.537050e-03
4.051864e+01 7.646830e-02 -5.138309e-03 2.017251e-06 8.087902e-06 3.436102e-03 1.301853e+01 6.063550e-09 1.370755e-03
3.598417e+01 7.687947e-02 -5.659734e-03 1.935659e-06 7.306424e-06 4.212468e-03 1.293726e+01 7.765929e-09 1.222896e-03
3.194888e+01 7.736764e-02 -6.195250e-03 1.854712e-06 6.613885e-06 5.123052e-03 1.284295e+01 9.771687e-09 1.090903e-03
2.837684e+01 7.793690e-02 -6.726816e-03 1.772653e-06 6.003938e-06 6.165325e-03 1.273601e+01 1.201378e-08 9.738750e-04
2.519526e+01 7.859555e-02 -7.239639e-03 1.687022e-06 5.463456e-06 7.340960e-03 1.261632e+01 1.439213e-08 8.696267e-04
2.237136e+01 7.934344e-02 -7.711921e-03 1.596684e-06 4.985712e-06 8.633454e-03 1.248548e+01 1.672864e-08 7.772092e-04
1.986492e+01 8.017766e-02 -8.122432e-03 1.500685e-06 4.562269e-06 1.002025e-02 1.234560e+01 1.880671e-08 6.953532e-04
1.763980e+01 8.108993e-02 -8.450299e-03 1.398827e-06 4.185064e-06 1.147028e-02 1.219951e+01 2.039790e-08 6.228546e-04
1.566416e+01 8.206584e-02 -8.676652e-03 1.291554e-06 3.846605e-06 1.294531e-02 1.205063e+01 2.130221e-08 5.585952e-04
1.391014e+01 8.308485e-02 -8.786641e-03 1.179991e-06 3.540144e-06 1.440249e-02 1.190277e+01 2.139269e-08 5.015529e-04
1.235178e+01 8.412245e-02 -8.771334e-03 1.065774e-06 3.259534e-06 1.579925e-02 1.175958e+01 2.064653e-08 4.507539e-04
1.096732e+01 8.515068e-02 -8.628871e-03 9.510739e-07 2.999850e-06 1.709466e-02 1.162451e+01 1.915206e-08 4.053677e-04
9.737098e+00 8.614174e-02 -8.365152e-03 8.382996e-07 2.757182e-06 1.825412e-02 1.150032e+01 1.708954e-08 3.646579e-04
8.650519e+00 8.706464e-02 -7.995977e-03 7.305778e-07 2.530217e-06 1.924501e-02 1.138965e+01 1.470703e-08 3.282304e-04
7.680492e+00 8.790925e-02 -7.536325e-03 6.289470e-07 2.314826e-06 2.006049e-02 1.129238e+01 1.221423e-08 2.951814e-04
6.816633e+00 8.865920e-02 -7.008455e-03 5.354243e-07 2.110743e-06 2.068805e-02 1.120910e+01 9.814924e-09 2.652021e-04
6.053269e+00 8.930194e-02 -6.440154e-03 4.518820e-07 1.919303e-06 2.112281e-02 1.114003e+01 7.668289e-09 2.381859e-04
5.376344e+00 8.983968e-02 -5.852350e-03 3.784767e-07 1.739908e-06 2.137411e-02 1.108390e+01 5.840931e-09 2.137528e-04
4.773270e+00 9.027872e-02 -5.262179e-03 3.148612e-07 1.571948e-06 2.145488e-02 1.103930e+01 4.346773e-09 1.915673e-04
4.239084e+00 9.062381e-02 -4.689727e-03 2.609422e-07 1.416559e-06 2.138206e-02 1.100516e+01 3.177571e-09 1.715644e-04
3.765060e+00 9.088536e-02 -4.147542e-03 2.158083e-07 1.273432e-06 2.118106e-02 1.098001e+01 2.290421e-09 1.535256e-04
3.342246e+00 9.107471e-02 -3.643545e-03 1.783159e-07 1.141684e-06 2.088410e-02 1.096245e+01 1.633202e-09 1.372022e-04
2.968240e+00 9.120076e-02 -3.190209e-03 1.478152e-07 1.022050e-06 2.054056e-02 1.095142e+01 1.163114e-09 1.225782e-04
2.635741e+00 9.127465e-02 -2.791219e-03 1.231200e-07 9.133917e-07 2.021181e-02 1.094571e+01 8.329548e-10 1.094321e-04
2.340276e+00 9.130600e-02 -2.451519e-03 1.033510e-07 8.151509e-07 1.998374e-02 1.094429e+01 6.068972e-10 9.763679e-05
2.078138e+00 9.130407e-02 -2.175471e-03 8.770318e-08 7.267824e-07 1.997433e-02 1.094620e+01 4.568925e-10 8.708256e-05
1.845359e+00 9.127773e-02 -1.965802e-03 7.542278e-08 6.474709e-07 2.033986e-02 1.095050e+01 3.617923e-10 7.764040e-05
1.638538e+00 9.123542e-02 -1.824488e-03 6.588231e-08 5.764327e-07 2.128158e-02 1.095627e+01 3.071943e-10 6.919495e-05
1.455180e+00 9.118556e-02 -1.753772e-03 5.855460e-08 5.130908e-07 2.306023e-02 1.096259e+01 2.846984e-10 6.166246e-05
1.291990e+00 9.113615e-02 -1.754254e-03 5.295943e-08 4.564971e-07 2.600826e-02 1.096853e+01 2.908070e-10 5.492056e-05
1.147315e+00 9.109567e-02 -1.826636e-03 4.875289e-08 4.062173e-07 3.052245e-02 1.097306e+01 3.274174e-10 4.891182e-05
1.018745e+00 9.107239e-02 -1.970306e-03 4.559449e-08 3.615005e-07 3.709469e-02 1.097514e+01 4.015883e-10 4.354406e-05
9.049774e-01 9.107494e-02 -2.182965e-03 4.324916e-08 3.219500e-07 4.625747e-02 1.097366e+01 5.262100e-10 3.876963e-05
8.032129e-01 9.111207e-02 -2.462813e-03 4.146688e-08 2.866242e-07 5.874243e-02 1.096748e+01 7.221305e-10 3.447677e-05
7.132668e-01 9.119273e-02 -2.803349e-03 4.011437e-08 2.554740e-07 7.514751e-02 1.095543e+01 1.015222e-09 3.066237e-05
6.333122e-01 9.132607e-02 -3.198480e-03 3.903650e-08 2.278683e-07 9.625517e-02 1.093636e+01 1.439185e-09 2.725396e-05
5.624297e-01 9.152050e-02 -3.637384e-03 3.812994e-08 2.034828e-07 1.226927e-01 1.090928e+01 2.028391e-09 2.421698e-05
4.995005e-01 9.178443e-02 -4.108852e-03 3.730486e-08 1.819191e-07 1.550948e-01 1.087330e+01 2.816278e-09 2.150806e-05
4.434590e-01 9.212619e-02 -4.599883e-03 3.649190e-08 1.627930e-07 1.940287e-01 1.082768e+01 3.827908e-09 1.908564e-05
3.938558e-01 9.254914e-02 -5.090878e-03 3.565989e-08 1.459295e-07 2.394521e-01 1.077247e+01 5.059813e-09 1.693457e-05
3.496503e-01 9.305896e-02 -5.566423e-03 3.476159e-08 1.309489e-07 2.915378e-01 1.070756e+01 6.490875e-09 1.501355e-05
3.104626e-01 9.365246e-02 -6.004490e-03 3.379089e-08 1.176946e-07 3.495159e-01 1.063406e+01 8.052352e-09 1.330929e-05
2.757100e-01 9.432416e-02 -6.385881e-03 3.274180e-08 1.059404e-07 4.124360e-01 1.055337e+01 9.648239e-09 1.179896e-05
2.448580e-01 9.506426e-02 -6.693066e-03 3.161591e-08 9.547625e-08 4.790148e-01 1.046731e+01 1.116086e-08 1.046082e-05
2.173913e-01 9.585998e-02 -6.911821e-03 3.043032e-08 8.610122e-08 5.478274e-01 1.037793e+01 1.247430e-08 9.273221e-06
1.930502e-01 9.668829e-02 -7.030761e-03 2.920790e-08 7.770698e-08 6.167571e-01 1.028811e+01 1.347655e-08 8.224920e-06
1.714090e-01 9.752944e-02 -7.045849e-03 2.797276e-08 7.013339e-08 6.842073e-01 1.020008e+01 1.410341e-08 7.296792e-06
1.522302e-01 9.835754e-02 -6.958983e-03 2.675575e-08 6.329296e-08 7.483096e-01 1.011635e+01 1.433047e-08 6.477433e-06
1.351717e-01 9.915380e-02 -6.777857e-03 2.558714e-08 5.707102e-08 8.079483e-01 1.003844e+01 1.418582e-08 5.751058e-06
1.200192e-01 9.989878e-02 -6.515432e-03 2.449297e-08 5.140575e-08 8.620824e-01 9.967733e+00 1.372681e-08 5.107454e-06
1.065757e-01 1.005781e-01 -6.188474e-03 2.349106e-08 4.624987e-08 9.101178e-01 9.905025e+00 1.302975e-08 4.537553e-06
9.842520e-02 1.009924e-01 -5.942198e-03 2.287630e-08 4.305519e-08 9.388205e-01 9.867573e+00 1.246916e-08 4.192241e-06
