tau U offset_const cost_const
1.276000e-07 5.084731e-09 2.159377e-07 6.498926e-03
1.300257e-07 3.710249e-10 2.159377e-07 6.498926e-03
1.324975e-07 5.581451e-07 2.159377e-07 6.498926e-03
1.350163e-07 4.404545e-08 2.159377e-07 6.498926e-03
1.375830e-07 1.774930e-07 2.159377e-07 6.498926e-03
1.401985e-07 3.251821e-07 2.159377e-07 6.498926e-03
1.428637e-07 5.064790e-07 2.159377e-07 6.498926e-03
1.455795e-07 8.354517e-07 2.159377e-07 6.498926e-03
1.483470e-07 3.627029e-07 2.159377e-07 6.498926e-03
1.511671e-07 7.795761e-07 2.159377e-07 6.498926e-03
1.540409e-07 9.946634e-07 2.159377e-07 6.498926e-03
1.569692e-07 1.184682e-06 2.159377e-07 6.498926e-03
1.599532e-07 1.364091e-06 2.159377e-07 6.498926e-03
1.629940e-07 1.533161e-06 2.159377e-07 6.498926e-03
1.660925e-07 1.687931e-06 2.159377e-07 6.498926e-03
1.692500e-07 1.822923e-06 2.159377e-07 6.498926e-03
1.724674e-07 1.928336e-06 2.159377e-07 6.498926e-03
1.757461e-07 1.998777e-06 2.159377e-07 6.498926e-03
1.790870e-07 2.033563e-06 2.159377e-07 6.498926e-03
1.824915e-07 2.036509e-06 2.159377e-07 6.498926e-03
1.859607e-07 2.013615e-06 2.159377e-07 6.498926e-03
1.894959e-07 1.970530e-06 2.159377e-07 6.498926e-03
1.930982e-07 1.911071e-06 2.159377e-07 6.498926e-03
1.967690e-07 1.836744e-06 2.159377e-07 6.498926e-03
2.005097e-07 1.746406e-06 2.159377e-07 6.498926e-03
2.043214e-07 1.634734e-06 2.159377e-07 6.498926e-03
2.082056e-07 1.485573e-06 2.159377e-07 6.498926e-03
2.121636e-07 1.234290e-06 2.159377e-07 6.498926e-03
2.161969e-07 1.265651e-09 2.159377e-07 6.498926e-03
2.203068e-07 1.936698e-06 2.159377e-07 6.498926e-03
2.244949e-07 1.349379e-06 2.159377e-07 6.498926e-03
2.287626e-07 9.170362e-07 2.159377e-07 6.498926e-03
2.331114e-07 1.739695e-07 2.159377e-07 6.498926e-03
2.375429e-07 5.228391e-09 2.159377e-07 6.498926e-03
2.420586e-07 5.942363e-06 2.159377e-07 6.498926e-03
2.466602e-07 2.917881e-06 2.159377e-07 6.498926e-03
2.513493e-07 2.077593e-06 2.159377e-07 6.498926e-03
2.561275e-07 1.508937e-06 2.159377e-07 6.498926e-03
2.609965e-07 9.228208e-07 2.159377e-07 6.498926e-03
2.659581e-07 4.055408e-09 2.159377e-07 6.498926e-03
2.710140e-07 1.149676e-12 2.159377e-07 6.498926e-03
2.761660e-07 7.735937e-09 2.159377e-07 6.498926e-03
2.814160e-07 4.793865e-08 2.159377e-07 6.498926e-03
2.867658e-07 4.288397e-09 2.159377e-07 6.498926e-03
2.922172e-07 2.406495e-06 2.159377e-07 6.498926e-03
2.977723e-07 7.164091e-07 2.159377e-07 6.498926e-03
3.034330e-07 1.765827e-08 2.159377e-07 6.498926e-03
3.092014e-07 9.821443e-09 2.159377e-07 6.498926e-03
3.150793e-07 4.016512e-09 2.159377e-07 6.498926e-03
3.210691e-07 6.200552e-09 2.159377e-07 6.498926e-03
3.271726e-07 2.808824e-08 2.159377e-07 6.498926e-03
3.333923e-07 1.652214e-05 2.159377e-07 6.498926e-03
3.397301e-07 6.440528e-09 2.159377e-07 6.498926e-03
3.461884e-07 1.440685e-05 2.159377e-07 6.498926e-03
3.527696e-07 1.645917e-08 2.159377e-07 6.498926e-03
3.594758e-07 1.980876e-07 2.159377e-07 6.498926e-03
3.663095e-07 9.869688e-06 2.159377e-07 6.498926e-03
3.732731e-07 2.427581e-08 2.159377e-07 6.498926e-03
3.803691e-07 3.842747e-08 2.159377e-07 6.498926e-03
3.876000e-07 2.546255e-11 2.159377e-07 6.498926e-03
3.949683e-07 3.650505e-05 2.159377e-07 6.498926e-03
4.024767e-07 1.819541e-05 2.159377e-07 6.498926e-03
4.101279e-07 2.607714e-08 2.159377e-07 6.498926e-03
4.179245e-07 1.654558e-04 2.159377e-07 6.498926e-03
4.258693e-07 2.599484e-07 2.159377e-07 6.498926e-03
4.339652e-07 2.372257e-04 2.159377e-07 6.498926e-03
4.422149e-07 8.008348e-08 2.159377e-07 6.498926e-03
4.506215e-07 5.676763e-06 2.159377e-07 6.498926e-03
4.591879e-07 9.465288e-04 2.159377e-07 6.498926e-03
4.679172e-07 4.205621e-04 2.159377e-07 6.498926e-03
4.768124e-07 1.048869e-04 2.159377e-07 6.498926e-03
4.858767e-07 8.123576e-05 2.159377e-07 6.498926e-03
4.951133e-07 4.158770e-04 2.159377e-07 6.498926e-03
5.045255e-07 6.008061e-08 2.159377e-07 6.498926e-03
5.141166e-07 4.749855e-06 2.159377e-07 6.498926e-03
5.238900e-07 8.139260e-04 2.159377e-07 6.498926e-03
5.338493e-07 6.755834e-04 2.159377e-07 6.498926e-03
5.439979e-07 5.295379e-04 2.159377e-07 6.498926e-03
5.543394e-07 1.261176e-06 2.159377e-07 6.498926e-03
5.648775e-07 1.777990e-03 2.159377e-07 6.498926e-03
5.756159e-07 3.442643e-06 2.159377e-07 6.498926e-03
5.865585e-07 6.092591e-04 2.159377e-07 6.498926e-03
5.977090e-07 1.264850e-07 2.159377e-07 6.498926e-03
6.090716e-07 1.284752e-03 2.159377e-07 6.498926e-03
6.206502e-07 1.076248e-07 2.159377e-07 6.498926e-03
6.324488e-07 5.807085e-04 2.159377e-07 6.498926e-03
6.444718e-07 4.946651e-03 2.159377e-07 6.498926e-03
6.567234e-07 6.769948e-05 2.159377e-07 6.498926e-03
6.692078e-07 2.734792e-02 2.159377e-07 6.498926e-03
6.819296e-07 8.585233e-03 2.159377e-07 6.498926e-03
6.948932e-07 7.546293e-03 2.159377e-07 6.498926e-03
7.081032e-07 3.197819e-03 2.159377e-07 6.498926e-03
7.215644e-07 1.090806e-02 2.159377e-07 6.498926e-03
7.352815e-07 9.218355e-03 2.159377e-07 6.498926e-03
7.492593e-07 8.982335e-03 2.159377e-07 6.498926e-03
7.635029e-07 8.296723e-03 2.159377e-07 6.498926e-03
7.780172e-07 5.223517e-02 2.159377e-07 6.498926e-03
7.928074e-07 1.025129e-02 2.159377e-07 6.498926e-03
8.078789e-07 1.081981e-02 2.159377e-07 6.498926e-03
8.232368e-07 1.738375e-02 2.159377e-07 6.498926e-03
8.388867e-07 1.007472e-05 2.159377e-07 6.498926e-03
8.548341e-07 1.537136e-03 2.159377e-07 6.498926e-03
8.710846e-07 2.057649e-03 2.159377e-07 6.498926e-03
8.876441e-07 1.404151e-03 2.159377e-07 6.498926e-03
9.045184e-07 1.585688e-03 2.159377e-07 6.498926e-03
9.217135e-07 1.414702e-03 2.159377e-07 6.498926e-03
9.392354e-07 1.411631e-03 2.159377e-07 6.498926e-03
9.570905e-07 2.224456e-03 2.159377e-07 6.498926e-03
9.752849e-07 1.997485e-03 2.159377e-07 6.498926e-03
9.938253e-07 1.462685e-03 2.159377e-07 6.498926e-03
1.012718e-06 3.569896e-03 2.159377e-07 6.498926e-03
1.031970e-06 4.284123e-03 2.159377e-07 6.498926e-03
1.051588e-06 4.780701e-03 2.159377e-07 6.498926e-03
1.071579e-06 1.416528e-03 2.159377e-07 6.498926e-03
1.091950e-06 3.047821e-03 2.159377e-07 6.498926e-03
1.112708e-06 3.186142e-03 2.159377e-07 6.498926e-03
1.133861e-06 3.136097e-03 2.159377e-07 6.498926e-03
1.155416e-06 3.400738e-03 2.159377e-07 6.498926e-03
1.177380e-06 3.669008e-03 2.159377e-07 6.498926e-03
1.199763e-06 3.821926e-03 2.159377e-07 6.498926e-03
1.222570e-06 3.702719e-05 2.159377e-07 6.498926e-03
1.245812e-06 5.077873e-03 2.159377e-07 6.498926e-03
1.269495e-06 6.727033e-08 2.159377e-07 6.498926e-03
1.293628e-06 3.173192e-05 2.159377e-07 6.498926e-03
1.318220e-06 1.093571e-03 2.159377e-07 6.498926e-03
1.343280e-06 1.350001e-03 2.159377e-07 6.498926e-03
1.368816e-06 1.554803e-03 2.159377e-07 6.498926e-03
1.394837e-06 2.343267e-03 2.159377e-07 6.498926e-03
1.421353e-06 2.154657e-03 2.159377e-07 6.498926e-03
1.448373e-06 2.269140e-03 2.159377e-07 6.498926e-03
1.475907e-06 2.526756e-03 2.159377e-07 6.498926e-03
1.503965e-06 1.120850e-02 2.159377e-07 6.498926e-03
1.532555e-06 2.133000e-03 2.159377e-07 6.498926e-03
1.561689e-06 2.878031e-03 2.159377e-07 6.498926e-03
1.591377e-06 1.489304e-03 2.159377e-07 6.498926e-03
1.621630e-06 1.691859e-03 2.159377e-07 6.498926e-03
1.652457e-06 4.477689e-04 2.159377e-07 6.498926e-03
1.683871e-06 2.997077e-04 2.159377e-07 6.498926e-03
1.715882e-06 6.376084e-05 2.159377e-07 6.498926e-03
1.748501e-06 8.086601e-04 2.159377e-07 6.498926e-03
1.781740e-06 1.724967e-06 2.159377e-07 6.498926e-03
1.815611e-06 1.908959e-03 2.159377e-07 6.498926e-03
1.850126e-06 8.965380e-04 2.159377e-07 6.498926e-03
1.885298e-06 6.327823e-04 2.159377e-07 6.498926e-03
1.921138e-06 2.036620e-04 2.159377e-07 6.498926e-03
1.957659e-06 2.089045e-04 2.159377e-07 6.498926e-03
1.994874e-06 6.242571e-04 2.159377e-07 6.498926e-03
2.032797e-06 7.208698e-05 2.159377e-07 6.498926e-03
2.071441e-06 1.198858e-04 2.159377e-07 6.498926e-03
2.110819e-06 9.215716e-06 2.159377e-07 6.498926e-03
2.150947e-06 5.186199e-04 2.159377e-07 6.498926e-03
2.191836e-06 8.426927e-05 2.159377e-07 6.498926e-03
2.233504e-06 1.880903e-04 2.159377e-07 6.498926e-03
2.275963e-06 3.253868e-05 2.159377e-07 6.498926e-03
2.319229e-06 5.480216e-02 2.159377e-07 6.498926e-03
2.363318e-06 2.776674e-03 2.159377e-07 6.498926e-03
2.408246e-06 1.698606e-03 2.159377e-07 6.498926e-03
2.454027e-06 3.210987e-06 2.159377e-07 6.498926e-03
2.500678e-06 5.640641e-08 2.159377e-07 6.498926e-03
2.548217e-06 3.423077e-06 2.159377e-07 6.498926e-03
2.596659e-06 4.665002e-04 2.159377e-07 6.498926e-03
2.646022e-06 1.061850e-03 2.159377e-07 6.498926e-03
2.696323e-06 1.680528e-04 2.159377e-07 6.498926e-03
2.747581e-06 1.675620e-05 2.159377e-07 6.498926e-03
2.799813e-06 5.674112e-06 2.159377e-07 6.498926e-03
2.853038e-06 6.410747e-06 2.159377e-07 6.498926e-03
2.907274e-06 2.286313e-07 2.159377e-07 6.498926e-03
2.962542e-06 3.122601e-05 2.159377e-07 6.498926e-03
3.018861e-06 1.471623e-06 2.159377e-07 6.498926e-03
3.076250e-06 5.125511e-05 2.159377e-07 6.498926e-03
3.134730e-06 4.043763e-04 2.159377e-07 6.498926e-03
3.194322e-06 8.861895e-08 2.159377e-07 6.498926e-03
3.255046e-06 3.150518e-06 2.159377e-07 6.498926e-03
3.316925e-06 2.080642e-08 2.159377e-07 6.498926e-03
3.379981e-06 3.884042e-08 2.159377e-07 6.498926e-03
3.444235e-06 5.545978e-07 2.159377e-07 6.498926e-03
3.509710e-06 7.060948e-08 2.159377e-07 6.498926e-03
3.576431e-06 5.062567e-06 2.159377e-07 6.498926e-03
3.644419e-06 6.754554e-06 2.159377e-07 6.498926e-03
3.713700e-06 3.165472e-06 2.159377e-07 6.498926e-03
3.784299e-06 2.868280e-06 2.159377e-07 6.498926e-03
3.856239e-06 1.070736e-06 2.159377e-07 6.498926e-03
3.929547e-06 9.894718e-07 2.159377e-07 6.498926e-03
4.004248e-06 1.084341e-06 2.159377e-07 6.498926e-03
4.080370e-06 1.762302e-09 2.159377e-07 6.498926e-03
4.157938e-06 1.009274e-06 2.159377e-07 6.498926e-03
4.236981e-06 9.361687e-07 2.159377e-07 6.498926e-03
4.317527e-06 8.612180e-07 2.159377e-07 6.498926e-03
4.399604e-06 7.875589e-07 2.159377e-07 6.498926e-03
4.483242e-06 7.092431e-07 2.159377e-07 6.498926e-03
4.568469e-06 5.281874e-07 2.159377e-07 6.498926e-03
4.655316e-06 5.551600e-06 2.159377e-07 6.498926e-03
4.743815e-06 1.318096e-07 2.159377e-07 6.498926e-03
4.833995e-06 3.361998e-07 2.159377e-07 6.498926e-03
4.925891e-06 3.499436e-07 2.159377e-07 6.498926e-03
5.019533e-06 3.347195e-07 2.159377e-07 6.498926e-03
5.114955e-06 3.124262e-07 2.159377e-07 6.498926e-03
5.212191e-06 2.887984e-07 2.159377e-07 6.498926e-03
5.311276e-06 2.659253e-07 2.159377e-07 6.498926e-03
5.412244e-06 2.444018e-07 2.159377e-07 6.498926e-03
5.515132e-06 2.244480e-07 2.159377e-07 6.498926e-03
5.619976e-06 2.062285e-07 2.159377e-07 6.498926e-03
5.726813e-06 1.896525e-07 2.159377e-07 6.498926e-03
5.835680e-06 1.745314e-07 2.159377e-07 6.498926e-03
5.946618e-06 1.607534e-07 2.159377e-07 6.498926e-03
6.059664e-06 1.482039e-07 2.159377e-07 6.498926e-03
6.174860e-06 1.367719e-07 2.159377e-07 6.498926e-03
6.292245e-06 1.263529e-07 2.159377e-07 6.498926e-03
6.411862e-06 1.168505e-07 2.159377e-07 6.498926e-03
6.533752e-06 1.081764e-07 2.159377e-07 6.498926e-03
6.657960e-06 1.002506e-07 2.159377e-07 6.498926e-03
6.784529e-06 9.300068e-08 2.159377e-07 6.498926e-03
6.913504e-06 8.637268e-08 2.159377e-07 6.498926e-03
7.044931e-06 8.030981e-08 2.159377e-07 6.498926e-03
7.178857e-06 7.474473e-08 2.159377e-07 6.498926e-03
7.315328e-06 6.963026e-08 2.159377e-07 6.498926e-03
7.454394e-06 6.494355e-08 2.159377e-07 6.498926e-03
7.596103e-06 6.067824e-08 2.159377e-07 6.498926e-03
7.740507e-06 5.675037e-08 2.159377e-07 6.498926e-03
7.887655e-06 5.312925e-08 2.159377e-07 6.498926e-03
8.037601e-06 4.978729e-08 2.159377e-07 6.498926e-03
8.190397e-06 4.669966e-08 2.159377e-07 6.498926e-03
8.346098e-06 4.384398e-08 2.159377e-07 6.498926e-03
8.504759e-06 4.120004e-08 2.159377e-07 6.498926e-03
8.666436e-06 3.874965e-08 2.159377e-07 6.498926e-03
8.831187e-06 3.647633e-08 2.159377e-07 6.498926e-03
8.999070e-06 3.436519e-08 2.159377e-07 6.498926e-03
9.170144e-06 3.240275e-08 2.159377e-07 6.498926e-03
9.344470e-06 3.057679e-08 2.159377e-07 6.498926e-03
9.522110e-06 2.887623e-08 2.159377e-07 6.498926e-03
9.703127e-06 2.729100e-08 2.159377e-07 6.498926e-03
9.887585e-06 2.581194e-08 2.159377e-07 6.498926e-03
1.007555e-05 2.443072e-08 2.159377e-07 6.498926e-03
1.026709e-05 2.313976e-08 2.159377e-07 6.498926e-03
1.046227e-05 2.193214e-08 2.159377e-07 6.498926e-03
1.066116e-05 2.080153e-08 2.159377e-07 6.498926e-03
1.086383e-05 1.974216e-08 2.159377e-07 6.498926e-03
1.107035e-05 1.874877e-08 2.159377e-07 6.498926e-03
1.128080e-05 1.781650e-08 2.159377e-07 6.498926e-03
1.149525e-05 1.694094e-08 2.159377e-07 6.498926e-03
1.171378e-05 1.611803e-08 2.159377e-07 6.498926e-03
1.193646e-05 1.534402e-08 2.159377e-07 6.498926e-03
1.216337e-05 1.461550e-08 2.159377e-07 6.498926e-03
1.239460e-05 1.392931e-08 2.159377e-07 6.498926e-03
1.263022e-05 1.328254e-08 2.159377e-07 6.498926e-03
1.287033e-05 1.267254e-08 2.159377e-07 6.498926e-03
1.311500e-05 1.209682e-08 2.159377e-07 6.498926e-03
1.336431e-05 1.155312e-08 2.159377e-07 6.498926e-03
1.361837e-05 1.103933e-08 2.159377e-07 6.498926e-03
1.387726e-05 1.055350e-08 2.159377e-07 6.498926e-03
1.414107e-05 1.009385e-08 2.159377e-07 6.498926e-03
1.440989e-05 9.658694e-09 2.159377e-07 6.498926e-03
1.468383e-05 9.246500e-09 2.159377e-07 6.498926e-03
1.496297e-05 8.855835e-09 2.159377e-07 6.498926e-03
1.524742e-05 8.485370e-09 2.159377e-07 6.498926e-03
1.553728e-05 8.133870e-09 2.159377e-07 6.498926e-03
1.583264e-05 7.800188e-09 2.159377e-07 6.498926e-03
1.613362e-05 7.483258e-09 2.159377e-07 6.498926e-03
1.644033e-05 7.182087e-09 2.159377e-07 6.498926e-03
1.675286e-05 6.895747e-09 2.159377e-07 6.498926e-03
1.707134e-05 6.623378e-09 2.159377e-07 6.498926e-03
1.739586e-05 6.364175e-09 2.159377e-07 6.498926e-03
1.772656e-05 6.117386e-09 2.159377e-07 6.498926e-03
1.806355e-05 5.882310e-09 2.159377e-07 6.498926e-03
1.840694e-05 5.658291e-09 2.159377e-07 6.498926e-03
1.875686e-05 5.444717e-09 2.159377e-07 6.498926e-03
1.911343e-05 5.241012e-09 2.159377e-07 6.498926e-03
1.947678e-05 5.046640e-09 2.159377e-07 6.498926e-03
1.984704e-05 4.861098e-09 2.159377e-07 6.498926e-03
2.022433e-05 4.683912e-09 2.159377e-07 6.498926e-03
2.060880e-05 4.514640e-09 2.159377e-07 6.498926e-03
2.100058e-05 4.352866e-09 2.159377e-07 6.498926e-03
2.139980e-05 4.198200e-09 2.159377e-07 6.498926e-03
2.180662e-05 4.050276e-09 2.159377e-07 6.498926e-03
2.222117e-05 3.908746e-09 2.159377e-07 6.498926e-03
2.264360e-05 3.773289e-09 2.159377e-07 6.498926e-03
2.307405e-05 3.643596e-09 2.159377e-07 6.498926e-03
2.351270e-05 3.519382e-09 2.159377e-07 6.498926e-03
2.395968e-05 3.400375e-09 2.159377e-07 6.498926e-03
2.441516e-05 3.286319e-09 2.159377e-07 6.498926e-03
2.487929e-05 3.176974e-09 2.159377e-07 6.498926e-03
2.535225e-05 3.072111e-09 2.159377e-07 6.498926e-03
2.583420e-05 2.971516e-09 2.159377e-07 6.498926e-03
2.632532e-05 2.874986e-09 2.159377e-07 6.498926e-03
2.682577e-05 2.782330e-09 2.159377e-07 6.498926e-03
2.733573e-05 2.693366e-09 2.159377e-07 6.498926e-03
2.785539e-05 2.607922e-09 2.159377e-07 6.498926e-03
2.838492e-05 2.525838e-09 2.159377e-07 6.498926e-03
2.892452e-05 2.446958e-09 2.159377e-07 6.498926e-03
2.947439e-05 2.371137e-09 2.159377e-07 6.498926e-03
3.003470e-05 2.298238e-09 2.159377e-07 6.498926e-03
3.060566e-05 2.228129e-09 2.159377e-07 6.498926e-03
3.118748e-05 2.160688e-09 2.159377e-07 6.498926e-03
3.178036e-05 2.095796e-09 2.159377e-07 6.498926e-03
3.238451e-05 2.033342e-09 2.159377e-07 6.498926e-03
3.300015e-05 1.973219e-09 2.159377e-07 6.498926e-03
3.362749e-05 1.915328e-09 2.159377e-07 6.498926e-03
3.426675e-05 1.859573e-09 2.159377e-07 6.498926e-03
3.491817e-05 1.805862e-09 2.159377e-07 6.498926e-03
3.558197e-05 1.754109e-09 2.159377e-07 6.498926e-03
3.625839e-05 1.704232e-09 2.159377e-07 6.498926e-03
3.694767e-05 1.656154e-09 2.159377e-07 6.498926e-03
3.765005e-05 1.609798e-09 2.159377e-07 6.498926e-03
3.836579e-05 1.565095e-09 2.159377e-07 6.498926e-03
3.909513e-05 1.521977e-09 2.159377e-07 6.498926e-03
3.983834e-05 1.480379e-09 2.159377e-07 6.498926e-03
4.059567e-05 1.440241e-09 2.159377e-07 6.498926e-03
4.136740e-05 1.401503e-09 2.159377e-07 6.498926e-03
4.215380e-05 1.364110e-09 2.159377e-07 6.498926e-03
4.295515e-05 1.328009e-09 2.159377e-07 6.498926e-03
4.377174e-05 1.293149e-09 2.159377e-07 6.498926e-03
4.460385e-05 1.259480e-09 2.159377e-07 6.498926e-03
4.545178e-05 1.226958e-09 2.159377e-07 6.498926e-03
4.631582e-05 1.195538e-09 2.159377e-07 6.498926e-03
4.719630e-05 1.165177e-09 2.159377e-07 6.498926e-03
4.809351e-05 1.135835e-09 2.159377e-07 6.498926e-03
4.900777e-05 1.107474e-09 2.159377e-07 6.498926e-03
4.993942e-05 1.080056e-09 2.159377e-07 6.498926e-03
5.088878e-05 1.053547e-09 2.159377e-07 6.498926e-03
5.185618e-05 1.027911e-09 2.159377e-07 6.498926e-03
5.284198e-05 1.003118e-09 2.159377e-07 6.498926e-03
5.384652e-05 9.791359e-10 2.159377e-07 6.498926e-03
5.487015e-05 9.559351e-10 2.159377e-07 6.498926e-03
5.591324e-05 9.334874e-10 2.159377e-07 6.498926e-03
5.697616e-05 9.117655e-10 2.159377e-07 6.498926e-03
5.805929e-05 8.907433e-10 2.159377e-07 6.498926e-03
5.916301e-05 8.703959e-10 2.159377e-07 6.498926e-03
6.028771e-05 8.506993e-10 2.159377e-07 6.498926e-03
6.143379e-05 8.316305e-10 2.159377e-07 6.498926e-03
6.260165e-05 8.131676e-10 2.159377e-07 6.498926e-03
6.379172e-05 7.952894e-10 2.159377e-07 6.498926e-03
6.500442e-05 7.779757e-10 2.159377e-07 6.498926e-03
6.624016e-05 7.612070e-10 2.159377e-07 6.498926e-03
6.749940e-05 7.449646e-10 2.159377e-07 6.498926e-03
6.878258e-05 7.292307e-10 2.159377e-07 6.498926e-03
7.009015e-05 7.139880e-10 2.159377e-07 6.498926e-03
7.142257e-05 6.992201e-10 2.159377e-07 6.498926e-03
7.278033e-05 6.849111e-10 2.159377e-07 6.498926e-03
7.416390e-05 6.710457e-10 2.159377e-07 6.498926e-03
7.557377e-05 6.576093e-10 2.159377e-07 6.498926e-03
7.701044e-05 6.445879e-10 2.159377e-07 6.498926e-03
7.847442e-05 6.319679e-10 2.159377e-07 6.498926e-03
7.996624e-05 6.197364e-10 2.159377e-07 6.498926e-03
8.148641e-05 6.078808e-10 2.159377e-07 6.498926e-03
8.303548e-05 5.963892e-10 2.159377e-07 6.498926e-03
8.461400e-05 5.852500e-10 2.159377e-07 6.498926e-03
8.622253e-05 5.744522e-10 2.159377e-07 6.498926e-03
8.786164e-05 5.639849e-10 2.159377e-07 6.498926e-03
8.953190e-05 5.538381e-10 2.159377e-07 6.498926e-03
9.123392e-05 5.440017e-10 2.159377e-07 6.498926e-03
9.296829e-05 5.344664e-10 2.159377e-07 6.498926e-03
9.473564e-05 5.252229e-10 2.159377e-07 6.498926e-03
9.653658e-05 5.162625e-10 2.159377e-07 6.498926e-03
9.837176e-05 5.075767e-10 2.159377e-07 6.498926e-03
1.002418e-04 4.991574e-10 2.159377e-07 6.498926e-03
1.021474e-04 4.909967e-10 2.159377e-07 6.498926e-03
1.040893e-04 4.830871e-10 2.159377e-07 6.498926e-03
1.060680e-04 4.754214e-10 2.159377e-07 6.498926e-03
1.080844e-04 4.679926e-10 2.159377e-07 6.498926e-03
1.101391e-04 4.607939e-10 2.159377e-07 6.498926e-03
1.122329e-04 4.538189e-10 2.159377e-07 6.498926e-03
1.143665e-04 4.470614e-10 2.159377e-07 6.498926e-03
1.165406e-04 4.405155e-10 2.159377e-07 6.498926e-03
1.187560e-04 4.341752e-10 2.159377e-07 6.498926e-03
1.210136e-04 4.280352e-10 2.159377e-07 6.498926e-03
1.233141e-04 4.220900e-10 2.159377e-07 6.498926e-03
1.256583e-04 4.163347e-10 2.159377e-07 6.498926e-03
1.280471e-04 4.107641e-10 2.159377e-07 6.498926e-03
1.304813e-04 4.053737e-10 2.159377e-07 6.498926e-03
1.329618e-04 4.001589e-10 2.159377e-07 6.498926e-03
1.354894e-04 3.951152e-10 2.159377e-07 6.498926e-03
1.380651e-04 3.902385e-10 2.159377e-07 6.498926e-03
1.406897e-04 3.855248e-10 2.159377e-07 6.498926e-03
1.433643e-04 3.809701e-10 2.159377e-07 6.498926e-03
1.460897e-04 3.765708e-10 2.159377e-07 6.498926e-03
1.488669e-04 3.723233e-10 2.159377e-07 6.498926e-03
1.516968e-04 3.682242e-10 2.159377e-07 6.498926e-03
1.545806e-04 3.642701e-10 2.159377e-07 6.498926e-03
1.575192e-04 3.604580e-10 2.159377e-07 6.498926e-03
1.605137e-04 3.567849e-10 2.159377e-07 6.498926e-03
1.635651e-04 3.532942e-10 2.159377e-07 6.498926e-03
1.666745e-04 3.500132e-10 2.159377e-07 6.498926e-03
1.698430e-04 3.468618e-10 2.159377e-07 6.498926e-03
1.730718e-04 3.438377e-10 2.159377e-07 6.498926e-03
1.763619e-04 3.409387e-10 2.159377e-07 6.498926e-03
1.797146e-04 3.381624e-10 2.159377e-07 6.498926e-03
1.831310e-04 3.355069e-10 2.159377e-07 6.498926e-03
1.866123e-04 3.329701e-10 2.159377e-07 6.498926e-03
1.901599e-04 3.305503e-10 2.159377e-07 6.498926e-03
1.937748e-04 3.282457e-10 2.159377e-07 6.498926e-03
1.974585e-04 3.260545e-10 2.159377e-07 6.498926e-03
2.012123e-04 3.239754e-10 2.159377e-07 6.498926e-03
2.050373e-04 3.220069e-10 2.159377e-07 6.498926e-03
2.089351e-04 3.201475e-10 2.159377e-07 6.498926e-03
2.129070e-04 3.183961e-10 2.159377e-07 6.498926e-03
2.169544e-04 3.167514e-10 2.159377e-07 6.498926e-03
2.210788e-04 3.152126e-10 2.159377e-07 6.498926e-03
2.252815e-04 3.137785e-10 2.159377e-07 6.498926e-03
2.295642e-04 3.124482e-10 2.159377e-07 6.498926e-03
2.339282e-04 3.112212e-10 2.159377e-07 6.498926e-03
2.383753e-04 3.100965e-10 2.159377e-07 6.498926e-03
2.429068e-04 3.090737e-10 2.159377e-07 6.498926e-03
2.475245e-04 3.081522e-10 2.159377e-07 6.498926e-03
2.522300e-04 3.073316e-10 2.159377e-07 6.498926e-03
2.570249e-04 3.066116e-10 2.159377e-07 6.498926e-03
2.619110e-04 3.059919e-10 2.159377e-07 6.498926e-03
2.668900e-04 3.054724e-10 2.159377e-07 6.498926e-03
2.719636e-04 3.050531e-10 2.159377e-07 6.498926e-03
2.771337e-04 3.047340e-10 2.159377e-07 6.498926e-03
2.824021e-04 3.045152e-10 2.159377e-07 6.498926e-03
2.877706e-04 3.043970e-10 2.159377e-07 6.498926e-03
2.932412e-04 3.043796e-10 2.159377e-07 6.498926e-03
2.988158e-04 3.044636e-10 2.159377e-07 6.498926e-03
3.044963e-04 3.046493e-10 2.159377e-07 6.498926e-03
3.102848e-04 3.049374e-10 2.159377e-07 6.498926e-03
3.161834e-04 3.053287e-10 2.159377e-07 6.498926e-03
3.221941e-04 3.058238e-10 2.159377e-07 6.498926e-03
3.283191e-04 3.064239e-10 2.159377e-07 6.498926e-03
3.345605e-04 3.071298e-10 2.159377e-07 6.498926e-03
3.409205e-04 3.079427e-10 2.159377e-07 6.498926e-03
3.474015e-04 3.088639e-10 2.159377e-07 6.498926e-03
3.540057e-04 3.098946e-10 2.159377e-07 6.498926e-03
3.607354e-04 3.110365e-10 2.159377e-07 6.498926e-03
3.675930e-04 3.122909e-10 2.159377e-07 6.498926e-03
3.745811e-04 3.136598e-10 2.159377e-07 6.498926e-03
3.817019e-04 3.151448e-10 2.159377e-07 6.498926e-03
3.889581e-04 3.167481e-10 2.159377e-07 6.498926e-03
3.963523e-04 3.184716e-10 2.159377e-07 6.498926e-03
4.038870e-04 3.203176e-10 2.159377e-07 6.498926e-03
4.115650e-04 3.222886e-10 2.159377e-07 6.498926e-03
4.193889e-04 3.243870e-10 2.159377e-07 6.498926e-03
4.273616e-04 3.266154e-10 2.159377e-07 6.498926e-03
4.354858e-04 3.289769e-10 2.159377e-07 6.498926e-03
4.437645e-04 3.314743e-10 2.159377e-07 6.498926e-03
4.522005e-04 3.341109e-10 2.159377e-07 6.498926e-03
4.607969e-04 3.368900e-10 2.159377e-07 6.498926e-03
4.695568e-04 3.398151e-10 2.159377e-07 6.498926e-03
4.784831e-04 3.428900e-10 2.159377e-07 6.498926e-03
4.875792e-04 3.461187e-10 2.159377e-07 6.498926e-03
4.968482e-04 3.495051e-10 2.159377e-07 6.498926e-03
5.062934e-04 3.530538e-10 2.159377e-07 6.498926e-03
5.159181e-04 3.567693e-10 2.159377e-07 6.498926e-03
5.257258e-04 3.606564e-10 2.159377e-07 6.498926e-03
5.357199e-04 3.647202e-10 2.159377e-07 6.498926e-03
5.459041e-04 3.689660e-10 2.159377e-07 6.498926e-03
5.562818e-04 3.733994e-10 2.159377e-07 6.498926e-03
5.668568e-04 3.780262e-10 2.159377e-07 6.498926e-03
5.776329e-04 3.828527e-10 2.159377e-07 6.498926e-03
5.886138e-04 3.878853e-10 2.159377e-07 6.498926e-03
5.998035e-04 3.931309e-10 2.159377e-07 6.498926e-03
6.112058e-04 3.985965e-10 2.159377e-07 6.498926e-03
6.228250e-04 4.042897e-10 2.159377e-07 6.498926e-03
6.346650e-04 4.102183e-10 2.159377e-07 6.498926e-03
6.467301e-04 4.163906e-10 2.159377e-07 6.498926e-03
6.590245e-04 4.228153e-10 2.159377e-07 6.498926e-03
6.715527e-04 4.295014e-10 2.159377e-07 6.498926e-03
6.843191e-04 4.364586e-10 2.159377e-07 6.498926e-03
6.973281e-04 4.436968e-10 2.159377e-07 6.498926e-03
7.105844e-04 4.513510e-10 2.159377e-07 6.498926e-03
7.240928e-04 4.593509e-10 2.159377e-07 6.498926e-03
7.378579e-04 4.678267e-10 2.159377e-07 6.498926e-03
7.518847e-04 4.766767e-10 2.159377e-07 6.498926e-03
7.661782e-04 4.858800e-10 2.159377e-07 6.498926e-03
7.807434e-04 4.954510e-10 2.159377e-07 6.498926e-03
7.955855e-04 5.056097e-10 2.159377e-07 6.498926e-03
8.107097e-04 5.166163e-10 2.159377e-07 6.498926e-03
8.261215e-04 5.280641e-10 2.159377e-07 6.498926e-03
8.418262e-04 5.399721e-10 2.159377e-07 6.498926e-03
8.578295e-04 5.523601e-10 2.159377e-07 6.498926e-03
8.741370e-04 5.652491e-10 2.159377e-07 6.498926e-03
8.907545e-04 5.786609e-10 2.159377e-07 6.498926e-03
9.076879e-04 5.926189e-10 2.159377e-07 6.498926e-03
9.249432e-04 6.071473e-10 2.159377e-07 6.498926e-03
9.425265e-04 6.222718e-10 2.159377e-07 6.498926e-03
9.604442e-04 6.380195e-10 2.159377e-07 6.498926e-03
9.787024e-04 6.544188e-10 2.159377e-07 6.498926e-03
9.973077e-04 6.714997e-10 2.159377e-07 6.498926e-03
1.016267e-03 6.892940e-10 2.159377e-07 6.498926e-03
1.035586e-03 7.078350e-10 2.159377e-07 6.498926e-03
1.055273e-03 7.271578e-10 2.159377e-07 6.498926e-03
1.075334e-03 7.472997e-10 2.159377e-07 6.498926e-03
1.095776e-03 7.682997e-10 2.159377e-07 6.498926e-03
1.116607e-03 7.901993e-10 2.159377e-07 6.498926e-03
1.137834e-03 8.137408e-10 2.159377e-07 6.498926e-03
1.159464e-03 8.387210e-10 2.159377e-07 6.498926e-03
1.181506e-03 8.649419e-10 2.159377e-07 6.498926e-03
1.203967e-03 8.924926e-10 2.159377e-07 6.498926e-03
1.226854e-03 9.214994e-10 2.159377e-07 6.498926e-03
1.250177e-03 9.523038e-10 2.159377e-07 6.498926e-03
1.273943e-03 9.845758e-10 2.159377e-07 6.498926e-03
1.298161e-03 1.018323e-09 2.159377e-07 6.498926e-03
1.322839e-03 1.053624e-09 2.159377e-07 6.498926e-03
1.347987e-03 1.090559e-09 2.159377e-07 6.498926e-03
1.373612e-03 1.129315e-09 2.159377e-07 6.498926e-03
1.399725e-03 1.170106e-09 2.159377e-07 6.498926e-03
1.426334e-03 1.212824e-09 2.159377e-07 6.498926e-03
1.453449e-03 1.257574e-09 2.159377e-07 6.498926e-03
1.481079e-03 1.304465e-09 2.159377e-07 6.498926e-03
1.509235e-03 1.353747e-09 2.159377e-07 6.498926e-03
1.537925e-03 1.406015e-09 2.159377e-07 6.498926e-03
1.567162e-03 1.461472e-09 2.159377e-07 6.498926e-03
1.596954e-03 1.519668e-09 2.159377e-07 6.498926e-03
1.627312e-03 1.580757e-09 2.159377e-07 6.498926e-03
1.658248e-03 1.644904e-09 2.159377e-07 6.498926e-03
1.689771e-03 1.712282e-09 2.159377e-07 6.498926e-03
1.721894e-03 1.783075e-09 2.159377e-07 6.498926e-03
1.754628e-03 1.857479e-09 2.159377e-07 6.498926e-03
1.787983e-03 1.935703e-09 2.159377e-07 6.498926e-03
1.821973e-03 2.017968e-09 2.159377e-07 6.498926e-03
1.856609e-03 2.104509e-09 2.159377e-07 6.498926e-03
1.891904e-03 2.195575e-09 2.159377e-07 6.498926e-03
1.927869e-03 2.291431e-09 2.159377e-07 6.498926e-03
1.964518e-03 2.392359e-09 2.159377e-07 6.498926e-03
2.001864e-03 2.498659e-09 2.159377e-07 6.498926e-03
2.039920e-03 2.611065e-09 2.159377e-07 6.498926e-03
2.078699e-03 2.729769e-09 2.159377e-07 6.498926e-03
2.118216e-03 2.855111e-09 2.159377e-07 6.498926e-03
2.158484e-03 2.988337e-09 2.159377e-07 6.498926e-03
2.199517e-03 3.129298e-09 2.159377e-07 6.498926e-03
2.241330e-03 3.278119e-09 2.159377e-07 6.498926e-03
2.283938e-03 3.435494e-09 2.159377e-07 6.498926e-03
2.327356e-03 3.602289e-09 2.159377e-07 6.498926e-03
2.371600e-03 3.778796e-09 2.159377e-07 6.498926e-03
2.416684e-03 3.966259e-09 2.159377e-07 6.498926e-03
2.462626e-03 3.004633e-11 2.159377e-07 6.498926e-03
2.509441e-03 1.278971e-09 2.159377e-07 6.498926e-03
2.557146e-03 2.418251e-09 2.159377e-07 6.498926e-03
2.605758e-03 3.457044e-09 2.159377e-07 6.498926e-03
2.655294e-03 4.401788e-09 2.159377e-07 6.498926e-03
2.705771e-03 5.260148e-09 2.159377e-07 6.498926e-03
2.757208e-03 6.040147e-09 2.159377e-07 6.498926e-03
2.809623e-03 6.748950e-09 2.159377e-07 6.498926e-03
2.863035e-03 7.394944e-09 2.159377e-07 6.498926e-03
2.917462e-03 7.985819e-09 2.159377e-07 6.498926e-03
2.972923e-03 8.527524e-09 2.159377e-07 6.498926e-03
3.029439e-03 9.028060e-09 2.159377e-07 6.498926e-03
3.087029e-03 9.492618e-09 2.159377e-07 6.498926e-03
3.145714e-03 6.192740e-09 2.159377e-07 6.498926e-03
3.205515e-03 1.901548e-09 2.159377e-07 6.498926e-03
3.266452e-03 2.090455e-09 2.159377e-07 6.498926e-03
3.328548e-03 2.172745e-09 2.159377e-07 6.498926e-03
3.391825e-03 4.622483e-09 2.159377e-07 6.498926e-03
3.456304e-03 6.878580e-09 2.159377e-07 6.498926e-03
3.522009e-03 3.869064e-09 2.159377e-07 6.498926e-03
3.588963e-03 6.910569e-09 2.159377e-07 6.498926e-03
3.657190e-03 1.048484e-09 2.159377e-07 6.498926e-03
3.726714e-03 5.143246e-09 2.159377e-07 6.498926e-03
3.797559e-03 2.513779e-09 2.159377e-07 6.498926e-03
3.869751e-03 4.912595e-09 2.159377e-07 6.498926e-03
3.943316e-03 9.517129e-09 2.159377e-07 6.498926e-03
4.018279e-03 8.947445e-09 2.159377e-07 6.498926e-03
4.094667e-03 9.044846e-09 2.159377e-07 6.498926e-03
4.172508e-03 2.270560e-10 2.159377e-07 6.498926e-03
4.251828e-03 2.490987e-10 2.159377e-07 6.498926e-03
4.332656e-03 1.629609e-09 2.159377e-07 6.498926e-03
4.415021e-03 2.759733e-07 2.159377e-07 6.498926e-03
4.498951e-03 2.897153e-10 2.159377e-07 6.498926e-03
4.584477e-03 3.305934e-10 2.159377e-07 6.498926e-03
4.671629e-03 6.116914e-09 2.159377e-07 6.498926e-03
4.760437e-03 1.619864e-08 2.159377e-07 6.498926e-03
4.850934e-03 5.217931e-10 2.159377e-07 6.498926e-03
4.943151e-03 4.478274e-09 2.159377e-07 6.498926e-03
5.037122e-03 1.862878e-09 2.159377e-07 6.498926e-03
5.132878e-03 2.209331e-09 2.159377e-07 6.498926e-03
5.230455e-03 1.248132e-08 2.159377e-07 6.498926e-03
5.329887e-03 9.188126e-08 2.159377e-07 6.498926e-03
5.431209e-03 3.863564e-08 2.159377e-07 6.498926e-03
5.534458e-03 1.165571e-07 2.159377e-07 6.498926e-03
5.639669e-03 7.540430e-08 2.159377e-07 6.498926e-03
5.746880e-03 1.156648e-09 2.159377e-07 6.498926e-03
5.856129e-03 2.774367e-08 2.159377e-07 6.498926e-03
5.967455e-03 7.876190e-08 2.159377e-07 6.498926e-03
6.080898e-03 3.332739e-08 2.159377e-07 6.498926e-03
6.196497e-03 3.594129e-09 2.159377e-07 6.498926e-03
6.314293e-03 3.268375e-08 2.159377e-07 6.498926e-03
6.434329e-03 9.975750e-08 2.159377e-07 6.498926e-03
6.556647e-03 2.821427e-07 2.159377e-07 6.498926e-03
6.681290e-03 1.910702e-07 2.159377e-07 6.498926e-03
6.808303e-03 8.090409e-08 2.159377e-07 6.498926e-03
6.937730e-03 2.284101e-07 2.159377e-07 6.498926e-03
7.069617e-03 2.281334e-07 2.159377e-07 6.498926e-03
7.204012e-03 4.764921e-08 2.159377e-07 6.498926e-03
7.340962e-03 1.487975e-07 2.159377e-07 6.498926e-03
7.480515e-03 1.392839e-07 2.159377e-07 6.498926e-03
7.622721e-03 1.427963e-07 2.159377e-07 6.498926e-03
7.767630e-03 2.696959e-06 2.159377e-07 6.498926e-03
7.915294e-03 9.170648e-06 2.159377e-07 6.498926e-03
8.065765e-03 1.304692e-05 2.159377e-07 6.498926e-03
8.219097e-03 1.643669e-08 2.159377e-07 6.498926e-03
8.375344e-03 3.970287e-05 2.159377e-07 6.498926e-03
8.534561e-03 4.703567e-08 2.159377e-07 6.498926e-03
8.696804e-03 1.379325e-06 2.159377e-07 6.498926e-03
8.862132e-03 5.710483e-08 2.159377e-07 6.498926e-03
9.030603e-03 1.572695e-07 2.159377e-07 6.498926e-03
9.202276e-03 3.346500e-08 2.159377e-07 6.498926e-03
9.377213e-03 3.164406e-01 2.159377e-07 6.498926e-03
9.555476e-03 1.305677e-01 2.159377e-07 6.498926e-03
9.737127e-03 7.452389e-06 2.159377e-07 6.498926e-03
9.922232e-03 5.550280e-06 2.159377e-07 6.498926e-03
1.011086e-02 9.127053e-08 2.159377e-07 6.498926e-03
1.030306e-02 6.271044e-08 2.159377e-07 6.498926e-03
1.049893e-02 9.821342e-09 2.159377e-07 6.498926e-03
1.069851e-02 1.190517e-08 2.159377e-07 6.498926e-03
1.090190e-02 3.253295e-05 2.159377e-07 6.498926e-03
1.110914e-02 1.480613e-05 2.159377e-07 6.498926e-03
1.132033e-02 1.933413e-07 2.159377e-07 6.498926e-03
1.153553e-02 3.799697e-06 2.159377e-07 6.498926e-03
1.175482e-02 5.250828e-05 2.159377e-07 6.498926e-03
1.197828e-02 2.395615e-06 2.159377e-07 6.498926e-03
1.220599e-02 3.042853e-08 2.159377e-07 6.498926e-03
1.243803e-02 5.711611e-07 2.159377e-07 6.498926e-03
1.267448e-02 9.792206e-07 2.159377e-07 6.498926e-03
1.291543e-02 8.013026e-07 2.159377e-07 6.498926e-03
1.316095e-02 5.973863e-07 2.159377e-07 6.498926e-03
1.341114e-02 4.865819e-07 2.159377e-07 6.498926e-03
1.366609e-02 3.736245e-07 2.159377e-07 6.498926e-03
1.392589e-02 2.151357e-07 2.159377e-07 6.498926e-03
1.419062e-02 7.609578e-08 2.159377e-07 6.498926e-03
1.446039e-02 4.308454e-07 2.159377e-07 6.498926e-03
1.473528e-02 3.323614e-07 2.159377e-07 6.498926e-03
1.501540e-02 2.997764e-07 2.159377e-07 6.498926e-03
1.530085e-02 2.363151e-07 2.159377e-07 6.498926e-03
1.559172e-02 2.248911e-07 2.159377e-07 6.498926e-03
1.588812e-02 1.943422e-07 2.159377e-07 6.498926e-03
1.619016e-02 1.668359e-07 2.159377e-07 6.498926e-03
1.649793e-02 1.614199e-07 2.159377e-07 6.498926e-03
1.681156e-02 1.653706e-07 2.159377e-07 6.498926e-03
1.713115e-02 1.446854e-07 2.159377e-07 6.498926e-03
1.745682e-02 1.250685e-07 2.159377e-07 6.498926e-03
1.778868e-02 1.094051e-07 2.159377e-07 6.498926e-03
1.812684e-02 9.581947e-08 2.159377e-07 6.498926e-03
1.847144e-02 8.398407e-08 2.159377e-07 6.498926e-03
1.882258e-02 7.363540e-08 2.159377e-07 6.498926e-03
1.918041e-02 6.454240e-08 2.159377e-07 6.498926e-03
1.954503e-02 5.651759e-08 2.159377e-07 6.498926e-03
1.991658e-02 4.938952e-08 2.159377e-07 6.498926e-03
2.029520e-02 4.302198e-08 2.159377e-07 6.498926e-03
2.068102e-02 3.729777e-08 2.159377e-07 6.498926e-03
2.107417e-02 3.211588e-08 2.159377e-07 6.498926e-03
2.147479e-02 2.739325e-08 2.159377e-07 6.498926e-03
2.188303e-02 2.305958e-08 2.159377e-07 6.498926e-03
2.229903e-02 1.907123e-08 2.159377e-07 6.498926e-03
2.272294e-02 1.771956e-08 2.159377e-07 6.498926e-03
2.315491e-02 1.458668e-08 2.159377e-07 6.498926e-03
2.359509e-02 1.164430e-08 2.159377e-07 6.498926e-03
2.404363e-02 8.858342e-09 2.159377e-07 6.498926e-03
2.450071e-02 1.073079e-08 2.159377e-07 6.498926e-03
2.496647e-02 9.053366e-09 2.159377e-07 6.498926e-03
2.544109e-02 7.519413e-09 2.159377e-07 6.498926e-03
2.592473e-02 6.530860e-09 2.159377e-07 6.498926e-03
2.641756e-02 7.307048e-09 2.159377e-07 6.498926e-03
2.691976e-02 6.861648e-09 2.159377e-07 6.498926e-03
2.743151e-02 6.447882e-09 2.159377e-07 6.498926e-03
2.795299e-02 7.145997e-09 2.159377e-07 6.498926e-03
2.848438e-02 6.906629e-09 2.159377e-07 6.498926e-03
2.902588e-02 6.683991e-09 2.159377e-07 6.498926e-03
2.957767e-02 6.475558e-09 2.159377e-07 6.498926e-03
3.013994e-02 6.279108e-09 2.159377e-07 6.498926e-03
3.071291e-02 6.092744e-09 2.159377e-07 6.498926e-03
3.129677e-02 5.914880e-09 2.159377e-07 6.498926e-03
3.189172e-02 5.744164e-09 2.159377e-07 6.498926e-03
3.249799e-02 5.630509e-09 2.159377e-07 6.498926e-03
3.311578e-02 5.488622e-09 2.159377e-07 6.498926e-03
3.374532e-02 5.351046e-09 2.159377e-07 6.498926e-03
3.438683e-02 5.216551e-09 2.159377e-07 6.498926e-03
3.504053e-02 5.084523e-09 2.159377e-07 6.498926e-03
3.570665e-02 4.954427e-09 2.159377e-07 6.498926e-03
3.638544e-02 4.825788e-09 2.159377e-07 6.498926e-03
3.707714e-02 4.698159e-09 2.159377e-07 6.498926e-03
3.778198e-02 4.571084e-09 2.159377e-07 6.498926e-03
3.850022e-02 4.444044e-09 2.159377e-07 6.498926e-03
3.923212e-02 4.316350e-09 2.159377e-07 6.498926e-03
3.997793e-02 4.040151e-09 2.159377e-07 6.498926e-03
4.073792e-02 3.878789e-09 2.159377e-07 6.498926e-03
4.151235e-02 3.712896e-09 2.159377e-07 6.498926e-03
4.230151e-02 3.534194e-09 2.159377e-07 6.498926e-03
4.310567e-02 3.317308e-09 2.159377e-07 6.498926e-03
4.392512e-02 2.926226e-09 2.159377e-07 6.498926e-03
4.476014e-02 8.643129e-09 2.159377e-07 6.498926e-03
4.561104e-02 3.584137e-09 2.159377e-07 6.498926e-03
4.647812e-02 3.260652e-09 2.159377e-07 6.498926e-03
4.736167e-02 3.070239e-09 2.159377e-07 6.498926e-03
4.826203e-02 2.932122e-09 2.159377e-07 6.498926e-03
4.917950e-02 2.821600e-09 2.159377e-07 6.498926e-03
5.011441e-02 2.720054e-09 2.159377e-07 6.498926e-03
5.106710e-02 2.624503e-09 2.159377e-07 6.498926e-03
5.203789e-02 2.533476e-09 2.159377e-07 6.498926e-03
5.302714e-02 2.446167e-09 2.159377e-07 6.498926e-03
5.403520e-02 2.362111e-09 2.159377e-07 6.498926e-03
5.506242e-02 2.281020e-09 2.159377e-07 6.498926e-03
5.610916e-02 2.202725e-09 2.159377e-07 6.498926e-03
5.717581e-02 2.127109e-09 2.159377e-07 6.498926e-03
5.826273e-02 2.055064e-09 2.159377e-07 6.498926e-03
5.937032e-02 1.987003e-09 2.159377e-07 6.498926e-03
6.049896e-02 1.921434e-09 2.159377e-07 6.498926e-03
6.164905e-02 1.858351e-09 2.159377e-07 6.498926e-03
6.282101e-02 1.797758e-09 2.159377e-07 6.498926e-03
6.401525e-02 1.739665e-09 2.159377e-07 6.498926e-03
6.523220e-02 1.684084e-09 2.159377e-07 6.498926e-03
6.647227e-02 1.631037e-09 2.159377e-07 6.498926e-03
6.773592e-02 1.580543e-09 2.159377e-07 6.498926e-03
6.902360e-02 1.532627e-09 2.159377e-07 6.498926e-03
7.033575e-02 1.487318e-09 2.159377e-07 6.498926e-03
7.167284e-02 1.444646e-09 2.159377e-07 6.498926e-03
7.303536e-02 1.404645e-09 2.159377e-07 6.498926e-03
7.442377e-02 1.367349e-09 2.159377e-07 6.498926e-03
7.583858e-02 1.332800e-09 2.159377e-07 6.498926e-03
7.728029e-02 1.301040e-09 2.159377e-07 6.498926e-03
7.874940e-02 1.272118e-09 2.159377e-07 6.498926e-03
8.024644e-02 1.246082e-09 2.159377e-07 6.498926e-03
8.177194e-02 1.222988e-09 2.159377e-07 6.498926e-03
8.332644e-02 1.202895e-09 2.159377e-07 6.498926e-03
8.491049e-02 1.185868e-09 2.159377e-07 6.498926e-03
8.652466e-02 1.171977e-09 2.159377e-07 6.498926e-03
8.816951e-02 1.161294e-09 2.159377e-07 6.498926e-03
8.984563e-02 1.153902e-09 2.159377e-07 6.498926e-03
9.155361e-02 1.149886e-09 2.159377e-07 6.498926e-03
9.329406e-02 1.149336e-09 2.159377e-07 6.498926e-03
9.506760e-02 1.152353e-09 2.159377e-07 6.498926e-03
9.687485e-02 1.159042e-09 2.159377e-07 6.498926e-03
9.871646e-02 1.169514e-09 2.159377e-07 6.498926e-03
1.005931e-01 1.183888e-09 2.159377e-07 6.498926e-03
1.025054e-01 1.202288e-09 2.159377e-07 6.498926e-03
1.044540e-01 1.224847e-09 2.159377e-07 6.498926e-03
1.064397e-01 1.251705e-09 2.159377e-07 6.498926e-03
1.084631e-01 1.283009e-09 2.159377e-07 6.498926e-03
1.105251e-01 1.318909e-09 2.159377e-07 6.498926e-03
1.126262e-01 1.359566e-09 2.159377e-07 6.498926e-03
1.147672e-01 1.405144e-09 2.159377e-07 6.498926e-03
1.169489e-01 1.455814e-09 2.159377e-07 6.498926e-03
1.191722e-01 1.511751e-09 2.159377e-07 6.498926e-03
1.214377e-01 1.573133e-09 2.159377e-07 6.498926e-03
1.237462e-01 1.640144e-09 2.159377e-07 6.498926e-03
1.260986e-01 1.712970e-09 2.159377e-07 6.498926e-03
1.284958e-01 2.022465e-09 2.159377e-07 6.498926e-03
1.309385e-01 2.107433e-09 2.159377e-07 6.498926e-03
1.334277e-01 2.198587e-09 2.159377e-07 6.498926e-03
1.359642e-01 2.297216e-09 2.159377e-07 6.498926e-03
1.385489e-01 2.402466e-09 2.159377e-07 6.498926e-03
1.411827e-01 2.514176e-09 2.159377e-07 6.498926e-03
1.438666e-01 2.632360e-09 2.159377e-07 6.498926e-03
1.466016e-01 2.756995e-09 2.159377e-07 6.498926e-03
1.493885e-01 2.889734e-09 2.159377e-07 6.498926e-03
1.522284e-01 3.029079e-09 2.159377e-07 6.498926e-03
1.551223e-01 3.174601e-09 2.159377e-07 6.498926e-03
1.580712e-01 3.326011e-09 2.159377e-07 6.498926e-03
1.610762e-01 3.482934e-09 2.159377e-07 6.498926e-03
1.641382e-01 3.644864e-09 2.159377e-07 6.498926e-03
1.672585e-01 3.811153e-09 2.159377e-07 6.498926e-03
1.704382e-01 3.980974e-09 2.159377e-07 6.498926e-03
1.736782e-01 4.153299e-09 2.159377e-07 6.498926e-03
1.769799e-01 4.328971e-09 2.159377e-07 6.498926e-03
1.803443e-01 4.364220e-09 2.159377e-07 6.498926e-03
1.837727e-01 4.553903e-09 2.159377e-07 6.498926e-03
1.872662e-01 4.531788e-09 2.159377e-07 6.498926e-03
1.908262e-01 4.747042e-09 2.159377e-07 6.498926e-03
1.944538e-01 4.951576e-09 2.159377e-07 6.498926e-03
1.981504e-01 5.141397e-09 2.159377e-07 6.498926e-03
2.019173e-01 5.311743e-09 2.159377e-07 6.498926e-03
2.057558e-01 5.456891e-09 2.159377e-07 6.498926e-03
2.096673e-01 5.570019e-09 2.159377e-07 6.498926e-03
2.136531e-01 5.643601e-09 2.159377e-07 6.498926e-03
2.177147e-01 5.667523e-09 2.159377e-07 6.498926e-03
2.218535e-01 5.630090e-09 2.159377e-07 6.498926e-03
2.260709e-01 5.517521e-09 2.159377e-07 6.498926e-03
2.303686e-01 5.315425e-09 2.159377e-07 6.498926e-03
2.347479e-01 5.002371e-09 2.159377e-07 6.498926e-03
2.392105e-01 7.052921e-09 2.159377e-07 6.498926e-03
2.437580e-01 7.364289e-09 2.159377e-07 6.498926e-03
2.483919e-01 7.687144e-09 2.159377e-07 6.498926e-03
2.531138e-01 7.292016e-09 2.159377e-07 6.498926e-03
2.579256e-01 7.688526e-09 2.159377e-07 6.498926e-03
2.628288e-01 8.101800e-09 2.159377e-07 6.498926e-03
2.678252e-01 8.557175e-09 2.159377e-07 6.498926e-03
2.729166e-01 9.059033e-09 2.159377e-07 6.498926e-03
2.781048e-01 8.557366e-09 2.159377e-07 6.498926e-03
2.833916e-01 9.290593e-09 2.159377e-07 6.498926e-03
2.887790e-01 7.564657e-09 2.159377e-07 6.498926e-03
2.942687e-01 8.676463e-09 2.159377e-07 6.498926e-03
2.998628e-01 2.574824e-09 2.159377e-07 6.498926e-03
3.055633e-01 1.382199e-09 2.159377e-07 6.498926e-03
3.113721e-01 4.116857e-09 2.159377e-07 6.498926e-03
3.172913e-01 6.952438e-09 2.159377e-07 6.498926e-03
3.233231e-01 9.917357e-09 2.159377e-07 6.498926e-03
3.294695e-01 5.153650e-09 2.159377e-07 6.498926e-03
3.357328e-01 6.224885e-09 2.159377e-07 6.498926e-03
3.421152e-01 1.126507e-08 2.159377e-07 6.498926e-03
3.486188e-01 1.655306e-08 2.159377e-07 6.498926e-03
3.552461e-01 2.214707e-08 2.159377e-07 6.498926e-03
3.619994e-01 2.811939e-08 2.159377e-07 6.498926e-03
3.688811e-01 3.455905e-08 2.159377e-07 6.498926e-03
3.758936e-01 4.157212e-08 2.159377e-07 6.498926e-03
3.830394e-01 2.469160e-08 2.159377e-07 6.498926e-03
3.903211e-01 3.672065e-08 2.159377e-07 6.498926e-03
3.977411e-01 4.993077e-08 2.159377e-07 6.498926e-03
4.053023e-01 6.454644e-08 2.159377e-07 6.498926e-03
4.130072e-01 8.099973e-08 2.159377e-07 6.498926e-03
4.208585e-01 6.850100e-08 2.159377e-07 6.498926e-03
4.288591e-01 9.263632e-08 2.159377e-07 6.498926e-03
4.370118e-01 1.067861e-07 2.159377e-07 6.498926e-03
4.453195e-01 1.077671e-07 2.159377e-07 6.498926e-03
4.537851e-01 1.309125e-07 2.159377e-07 6.498926e-03
4.624116e-01 1.786587e-07 2.159377e-07 6.498926e-03
4.712021e-01 2.195984e-07 2.159377e-07 6.498926e-03
4.801598e-01 2.826197e-07 2.159377e-07 6.498926e-03
4.892877e-01 3.182455e-07 2.159377e-07 6.498926e-03
4.985892e-01 3.664963e-07 2.159377e-07 6.498926e-03
5.080674e-01 3.198493e-07 2.159377e-07 6.498926e-03
5.177259e-01 3.235639e-07 2.159377e-07 6.498926e-03
5.275680e-01 2.941246e-07 2.159377e-07 6.498926e-03
5.375971e-01 3.614926e-07 2.159377e-07 6.498926e-03
5.478169e-01 6.417609e-07 2.159377e-07 6.498926e-03
5.582311e-01 8.397498e-07 2.159377e-07 6.498926e-03
5.688431e-01 1.021441e-06 2.159377e-07 6.498926e-03
5.796569e-01 1.276994e-06 2.159377e-07 6.498926e-03
5.906763e-01 1.728994e-06 2.159377e-07 6.498926e-03
6.019052e-01 2.186279e-06 2.159377e-07 6.498926e-03
6.133475e-01 2.055218e-06 2.159377e-07 6.498926e-03
6.250074e-01 3.582064e-06 2.159377e-07 6.498926e-03
6.368889e-01 1.829050e-06 2.159377e-07 6.498926e-03
6.489963e-01 2.941791e-06 2.159377e-07 6.498926e-03
6.613338e-01 3.733304e-06 2.159377e-07 6.498926e-03
6.739059e-01 4.791147e-06 2.159377e-07 6.498926e-03
6.867170e-01 6.424181e-06 2.159377e-07 6.498926e-03
6.997716e-01 8.182703e-06 2.159377e-07 6.498926e-03
7.130744e-01 3.819108e-08 2.159377e-07 6.498926e-03
7.266301e-01 5.672760e-06 2.159377e-07 6.498926e-03
7.404434e-01 1.654834e-06 2.159377e-07 6.498926e-03
7.545194e-01 1.437698e-06 2.159377e-07 6.498926e-03
7.688630e-01 9.535008e-08 2.159377e-07 6.498926e-03
7.834792e-01 4.563343e-05 2.159377e-07 6.498926e-03
7.983733e-01 3.985152e-05 2.159377e-07 6.498926e-03
8.135505e-01 7.833379e-04 2.159377e-07 6.498926e-03
8.290162e-01 6.013581e-08 2.159377e-07 6.498926e-03
8.447760e-01 1.506771e-05 2.159377e-07 6.498926e-03
8.608354e-01 2.393657e-03 2.159377e-07 6.498926e-03
8.772000e-01 1.101148e-01 2.159377e-07 6.498926e-03
8.938757e-01 1.384129e-01 2.159377e-07 6.498926e-03
9.108685e-01 1.514200e-06 2.159377e-07 6.498926e-03
9.281843e-01 4.748274e-04 2.159377e-07 6.498926e-03
9.458292e-01 1.530965e-07 2.159377e-07 6.498926e-03
9.638096e-01 2.170504e-07 2.159377e-07 6.498926e-03
9.821318e-01 8.871043e-08 2.159377e-07 6.498926e-03
1.000802e+00 6.265666e-08 2.159377e-07 6.498926e-03
1.019828e+00 2.615646e-09 2.159377e-07 6.498926e-03
1.039215e+00 3.935965e-05 2.159377e-07 6.498926e-03
1.058971e+00 3.374336e-07 2.159377e-07 6.498926e-03
1.079102e+00 2.501957e-05 2.159377e-07 6.498926e-03
1.099616e+00 9.340792e-05 2.159377e-07 6.498926e-03
1.120520e+00 1.837160e-07 2.159377e-07 6.498926e-03
1.141821e+00 6.942033e-06 2.159377e-07 6.498926e-03
1.163527e+00 3.005060e-06 2.159377e-07 6.498926e-03
1.185646e+00 2.771191e-06 2.159377e-07 6.498926e-03
1.208185e+00 1.659532e-06 2.159377e-07 6.498926e-03
1.231153e+00 1.572454e-06 2.159377e-07 6.498926e-03
1.254558e+00 1.149566e-07 2.159377e-07 6.498926e-03
1.278407e+00 5.891645e-06 2.159377e-07 6.498926e-03
1.302710e+00 2.000289e-06 2.159377e-07 6.498926e-03
1.327475e+00 2.558381e-07 2.159377e-07 6.498926e-03
1.352710e+00 2.379203e-06 2.159377e-07 6.498926e-03
1.378425e+00 6.798899e-07 2.159377e-07 6.498926e-03
1.404629e+00 1.155237e-07 2.159377e-07 6.498926e-03
1.431332e+00 1.336945e-07 2.159377e-07 6.498926e-03
1.458542e+00 1.691941e-07 2.159377e-07 6.498926e-03
1.486269e+00 1.523056e-07 2.159377e-07 6.498926e-03
1.514523e+00 2.653351e-07 2.159377e-07 6.498926e-03
1.543314e+00 1.253186e-07 2.159377e-07 6.498926e-03
1.572653e+00 1.589369e-07 2.159377e-07 6.498926e-03
1.602550e+00 1.329782e-07 2.159377e-07 6.498926e-03
1.633014e+00 1.756028e-07 2.159377e-07 6.498926e-03
1.664058e+00 1.285243e-07 2.159377e-07 6.498926e-03
1.695692e+00 1.082131e-07 2.159377e-07 6.498926e-03
1.727928e+00 2.030174e-07 2.159377e-07 6.498926e-03
1.760776e+00 1.636579e-07 2.159377e-07 6.498926e-03
1.794249e+00 1.172865e-07 2.159377e-07 6.498926e-03
1.828358e+00 8.777087e-08 2.159377e-07 6.498926e-03
1.863115e+00 9.084922e-08 2.159377e-07 6.498926e-03
1.898533e+00 6.015703e-08 2.159377e-07 6.498926e-03
1.934625e+00 2.731494e-08 2.159377e-07 6.498926e-03
1.971402e+00 2.818890e-08 2.159377e-07 6.498926e-03
2.008879e+00 1.051354e-09 2.159377e-07 6.498926e-03
2.047068e+00 5.625185e-10 2.159377e-07 6.498926e-03
2.085983e+00 5.595270e-09 2.159377e-07 6.498926e-03
2.125638e+00 1.129482e-08 2.159377e-07 6.498926e-03
2.166047e+00 2.957728e-08 2.159377e-07 6.498926e-03
2.207224e+00 1.693210e-08 2.159377e-07 6.498926e-03
2.249184e+00 2.030247e-08 2.159377e-07 6.498926e-03
2.291941e+00 1.117596e-08 2.159377e-07 6.498926e-03
2.335511e+00 8.950930e-09 2.159377e-07 6.498926e-03
2.379910e+00 1.052498e-08 2.159377e-07 6.498926e-03
2.425152e+00 1.324393e-08 2.159377e-07 6.498926e-03
2.471255e+00 4.004082e-09 2.159377e-07 6.498926e-03
2.518234e+00 1.812220e-08 2.159377e-07 6.498926e-03
2.566106e+00 1.119116e-08 2.159377e-07 6.498926e-03
2.614888e+00 3.852018e-09 2.159377e-07 6.498926e-03
2.664598e+00 5.186892e-09 2.159377e-07 6.498926e-03
2.715252e+00 4.819921e-09 2.159377e-07 6.498926e-03
2.766870e+00 4.019766e-09 2.159377e-07 6.498926e-03
2.819469e+00 1.080933e-08 2.159377e-07 6.498926e-03
2.873067e+00 7.810893e-09 2.159377e-07 6.498926e-03
2.927685e+00 4.737420e-09 2.159377e-07 6.498926e-03
2.983341e+00 1.586473e-09 2.159377e-07 6.498926e-03
3.040054e+00 2.775303e-09 2.159377e-07 6.498926e-03
3.097846e+00 5.409276e-09 2.159377e-07 6.498926e-03
3.156737e+00 3.380218e-09 2.159377e-07 6.498926e-03
3.216747e+00 1.290683e-09 2.159377e-07 6.498926e-03
3.277898e+00 2.843167e-09 2.159377e-07 6.498926e-03
3.340212e+00 1.184201e-09 2.159377e-07 6.498926e-03
3.403710e+00 2.395961e-09 2.159377e-07 6.498926e-03
3.468415e+00 1.068703e-09 2.159377e-07 6.498926e-03
3.534350e+00 7.155775e-09 2.159377e-07 6.498926e-03
3.601539e+00 6.759594e-09 2.159377e-07 6.498926e-03
3.670005e+00 6.368300e-09 2.159377e-07 6.498926e-03
3.739772e+00 5.989286e-09 2.159377e-07 6.498926e-03
3.810866e+00 5.615059e-09 2.159377e-07 6.498926e-03
3.883311e+00 5.240533e-09 2.159377e-07 6.498926e-03
3.957134e+00 4.865856e-09 2.159377e-07 6.498926e-03
4.032360e+00 4.489833e-09 2.159377e-07 6.498926e-03
4.109015e+00 4.109508e-09 2.159377e-07 6.498926e-03
4.187129e+00 3.723766e-09 2.159377e-07 6.498926e-03
4.266727e+00 3.332037e-09 2.159377e-07 6.498926e-03
4.347838e+00 2.935102e-09 2.159377e-07 6.498926e-03
4.430491e+00 2.531482e-09 2.159377e-07 6.498926e-03
4.514716e+00 2.120566e-09 2.159377e-07 6.498926e-03
4.600541e+00 1.702409e-09 2.159377e-07 6.498926e-03
4.687998e+00 3.132476e-09 2.159377e-07 6.498926e-03
4.777118e+00 2.996310e-09 2.159377e-07 6.498926e-03
4.867932e+00 2.865793e-09 2.159377e-07 6.498926e-03
4.960472e+00 2.740463e-09 2.159377e-07 6.498926e-03
5.054772e+00 2.619903e-09 2.159377e-07 6.498926e-03
5.150864e+00 2.503687e-09 2.159377e-07 6.498926e-03
5.248783e+00 2.391450e-09 2.159377e-07 6.498926e-03
5.348563e+00 2.282852e-09 2.159377e-07 6.498926e-03
5.450241e+00 2.170295e-09 2.159377e-07 6.498926e-03
5.553851e+00 2.076311e-09 2.159377e-07 6.498926e-03
5.659430e+00 1.986503e-09 2.159377e-07 6.498926e-03
5.767017e+00 1.903485e-09 2.159377e-07 6.498926e-03
5.876649e+00 1.826629e-09 2.159377e-07 6.498926e-03
5.988365e+00 1.752953e-09 2.159377e-07 6.498926e-03
6.102205e+00 1.682291e-09 2.159377e-07 6.498926e-03
6.218210e+00 1.615922e-09 2.159377e-07 6.498926e-03
6.336419e+00 1.555009e-09 2.159377e-07 6.498926e-03
6.456875e+00 1.500217e-09 2.159377e-07 6.498926e-03
6.579622e+00 1.448066e-09 2.159377e-07 6.498926e-03
6.704702e+00 1.397994e-09 2.159377e-07 6.498926e-03
6.832159e+00 1.349897e-09 2.159377e-07 6.498926e-03
6.962040e+00 1.306437e-09 2.159377e-07 6.498926e-03
7.094390e+00 1.265941e-09 2.159377e-07 6.498926e-03
7.229255e+00 1.227060e-09 2.159377e-07 6.498926e-03
7.366685e+00 1.189716e-09 2.159377e-07 6.498926e-03
7.506727e+00 1.153836e-09 2.159377e-07 6.498926e-03
7.649431e+00 1.119349e-09 2.159377e-07 6.498926e-03
7.794848e+00 1.086190e-09 2.159377e-07 6.498926e-03
7.943030e+00 1.054296e-09 2.159377e-07 6.498926e-03
8.094028e+00 1.024181e-09 2.159377e-07 6.498926e-03
8.247897e+00 9.957562e-10 2.159377e-07 6.498926e-03
8.404691e+00 9.683905e-10 2.159377e-07 6.498926e-03
8.564466e+00 9.420354e-10 2.159377e-07 6.498926e-03
8.727278e+00 9.166455e-10 2.159377e-07 6.498926e-03
8.893185e+00 8.921778e-10 2.159377e-07 6.498926e-03
9.062247e+00 8.685914e-10 2.159377e-07 6.498926e-03
9.234522e+00 8.458477e-10 2.159377e-07 6.498926e-03
9.410072e+00 8.239100e-10 2.159377e-07 6.498926e-03
9.588959e+00 8.033357e-10 2.159377e-07 6.498926e-03
9.771247e+00 7.850538e-10 2.159377e-07 6.498926e-03
9.957000e+00 7.673977e-10 2.159377e-07 6.498926e-03
