freq ReZ ImZ ReErrZ ImErrZ C G errC errG
9.157509e+05 9.350047e-06 -5.576000e-04 1.620341e-07 7.784294e-06 3.116003e-04 3.006396e+01 9.052312e-08 7.035769e-03
8.090615e+05 1.066547e-05 -6.310793e-04 1.974146e-07 8.809903e-06 3.116238e-04 2.677244e+01 9.745451e-08 6.314617e-03
7.147963e+05 1.234592e-05 -7.142370e-04 2.426770e-07 9.970283e-06 3.116490e-04 2.419408e+01 1.058577e-07 5.836140e-03
6.321113e+05 1.447268e-05 -8.075740e-04 3.000212e-07 1.127227e-05 3.116771e-04 2.218426e+01 1.157537e-07 5.547549e-03
5.595971e+05 1.715387e-05 -9.120985e-04 3.723690e-07 1.272971e-05 3.117090e-04 2.061223e+01 1.272118e-07 5.408393e-03
4.952947e+05 2.056475e-05 -1.030344e-03 4.644524e-07 1.437764e-05 3.117463e-04 1.936359e+01 1.404712e-07 5.390879e-03
4.385965e+05 2.487417e-05 -1.163308e-03 5.808233e-07 1.622959e-05 3.117896e-04 1.837217e+01 1.556010e-07 5.478078e-03
3.885004e+05 3.031957e-05 -1.313003e-03 7.278754e-07 1.831306e-05 3.118397e-04 1.757762e+01 1.727791e-07 5.658238e-03
3.442341e+05 3.718987e-05 -1.481430e-03 9.133760e-07 2.065528e-05 3.118972e-04 1.693514e+01 1.921792e-07 5.923910e-03
3.050641e+05 4.585863e-05 -1.671090e-03 1.147357e-06 2.329015e-05 3.119624e-04 1.640946e+01 2.140297e-07 6.271350e-03
2.704164e+05 5.678092e-05 -1.884471e-03 1.442020e-06 2.625116e-05 3.120351e-04 1.597457e+01 2.385563e-07 6.698952e-03
2.397507e+05 7.053807e-05 -2.124552e-03 1.812935e-06 2.957818e-05 3.121148e-04 1.561026e+01 2.660423e-07 7.207621e-03
2.126302e+05 8.783708e-05 -2.394290e-03 2.279013e-06 3.331032e-05 3.122009e-04 1.530172e+01 2.967700e-07 7.799361e-03
1.885725e+05 1.096481e-04 -2.698134e-03 2.866187e-06 3.750659e-05 3.122926e-04 1.503688e+01 3.311967e-07 8.480527e-03
1.672520e+05 1.371245e-04 -3.039981e-03 3.605229e-06 4.221738e-05 3.123885e-04 1.480780e+01 3.697211e-07 9.257045e-03
1.483900e+05 1.716673e-04 -3.423677e-03 4.533441e-06 4.749097e-05 3.124873e-04 1.460870e+01 4.127404e-07 1.013525e-02
1.316482e+05 2.152349e-04 -3.855508e-03 5.702897e-06 5.340728e-05 3.125879e-04 1.443438e+01 4.609297e-07 1.112748e-02
1.168224e+05 2.700643e-04 -4.340136e-03 7.172827e-06 6.002102e-05 3.126887e-04 1.428178e+01 5.147791e-07 1.224244e-02
1.036592e+05 3.392513e-04 -4.885077e-03 9.024965e-06 6.742195e-05 3.127890e-04 1.414781e+01 5.750904e-07 1.349521e-02
9.199632e+04 4.263758e-04 -5.496114e-03 1.135318e-05 7.567046e-05 3.128874e-04 1.403056e+01 6.424569e-07 1.489624e-02
8.163265e+04 5.364127e-04 -6.182701e-03 1.428726e-05 8.486839e-05 3.129833e-04 1.392790e+01 7.178520e-07 1.646332e-02
7.246377e+04 6.747140e-04 -6.949858e-03 1.796486e-05 9.504687e-05 3.130756e-04 1.383865e+01 8.017204e-07 1.820226e-02
6.430868e+04 8.493719e-04 -7.810385e-03 2.259299e-05 1.063244e-04 3.131642e-04 1.376091e+01 8.952978e-07 2.013386e-02
5.711022e+04 1.067985e-03 -8.766362e-03 2.836003e-05 1.186570e-04 3.132481e-04 1.369393e+01 9.985671e-07 2.225099e-02
5.068424e+04 1.344438e-03 -9.838130e-03 3.561107e-05 1.322055e-04 3.133279e-04 1.363579e+01 1.113361e-06 2.458159e-02
4.498426e+04 1.691615e-03 -1.102958e-02 4.464988e-05 1.468747e-04 3.134030e-04 1.358582e+01 1.239558e-06 2.710934e-02
3.993610e+04 2.125882e-03 -1.234715e-02 5.584907e-05 1.625477e-04 3.134731e-04 1.354310e+01 1.377089e-06 2.981380e-02
3.546099e+04 2.667883e-03 -1.379876e-02 6.965715e-05 1.790503e-04 3.135384e-04 1.350667e+01 1.525731e-06 3.266415e-02
3.148615e+04 3.343337e-03 -1.539235e-02 8.659824e-05 1.961040e-04 3.135990e-04 1.347563e+01 1.684836e-06 3.561103e-02
2.794857e+04 4.183720e-03 -1.713393e-02 1.072575e-04 2.132679e-04 3.136550e-04 1.344923e+01 1.852985e-06 3.857626e-02
2.481390e+04 5.219458e-03 -1.901283e-02 1.320741e-04 2.297710e-04 3.137064e-04 1.342694e+01 2.026466e-06 4.142372e-02
2.203128e+04 6.489581e-03 -2.102114e-02 1.615247e-04 2.446855e-04 3.137535e-04 1.340814e+01 2.201079e-06 4.398914e-02
1.956182e+04 8.034228e-03 -2.313792e-02 1.958698e-04 2.567631e-04 3.137962e-04 1.339234e+01 2.370565e-06 4.605170e-02
1.736714e+04 9.897342e-03 -2.533387e-02 2.351301e-04 2.644841e-04 3.138348e-04 1.337908e+01 2.527078e-06 4.734261e-02
1.542020e+04 1.211439e-02 -2.755839e-02 2.787382e-04 2.660728e-04 3.138693e-04 1.336800e+01 2.660505e-06 4.754811e-02
1.369113e+04 1.471858e-02 -2.975158e-02 3.256103e-04 2.596908e-04 3.138997e-04 1.335875e+01 2.759935e-06 4.634342e-02
1.215658e+04 1.772556e-02 -3.183485e-02 3.738392e-04 2.436605e-04 3.139258e-04 1.335105e+01 2.814039e-06 4.343261e-02
1.079447e+04 2.113252e-02 -3.371959e-02 4.207908e-04 2.168041e-04 3.139475e-04 1.334465e+01 2.812948e-06 3.860842e-02
9.587728e+03 2.490241e-02 -3.530874e-02 4.631413e-04 1.789064e-04 3.139642e-04 1.333936e+01 2.750233e-06 3.183435e-02
8.510638e+03 2.900745e-02 -3.652206e-02 4.976841e-04 1.305111e-04 3.139753e-04 1.333496e+01 2.623534e-06 2.320764e-02
7.558579e+03 3.332192e-02 -3.727151e-02 5.208678e-04 7.427601e-05 3.139793e-04 1.333135e+01 2.438651e-06 1.320070e-02
6.711409e+03 3.776349e-02 -3.751310e-02 5.305526e-04 1.325043e-05 3.139748e-04 1.332838e+01 2.205522e-06 2.353883e-03
5.959476e+03 4.219937e-02 -3.722789e-02 5.257194e-04 4.831711e-05 3.139592e-04 1.332597e+01 1.940387e-06 8.580219e-03
5.291005e+03 4.651466e-02 -3.643381e-02 5.069564e-04 1.063371e-04 3.139296e-04 1.332403e+01 1.660937e-06 1.887799e-02
4.697041e+03 5.059828e-02 -3.518195e-02 4.762807e-04 1.571846e-04 3.138816e-04 1.332250e+01 1.384837e-06 2.789856e-02
4.171882e+03 5.434569e-02 -3.355794e-02 4.369327e-04 1.981707e-04 3.138102e-04 1.332136e+01 1.127874e-06 3.516712e-02
3.703704e+03 5.773176e-02 -3.163978e-02 3.920259e-04 2.284729e-04 3.137078e-04 1.332057e+01 8.978038e-07 4.053966e-02
3.288392e+03 6.071162e-02 -2.952952e-02 3.450321e-04 2.479493e-04 3.135659e-04 1.332011e+01 7.009397e-07 4.399245e-02
2.920561e+03 6.328066e-02 -2.731974e-02 2.987781e-04 2.575969e-04 3.133739e-04 1.331997e+01 5.384190e-07 4.570327e-02
2.593361e+03 6.546874e-02 -2.507688e-02 2.550732e-04 2.590076e-04 3.131170e-04 1.332017e+01 4.074937e-07 4.595496e-02
2.302556e+03 6.730425e-02 -2.286339e-02 2.152350e-04 2.539101e-04 3.127778e-04 1.332073e+01 3.046314e-07 4.505425e-02
2.044572e+03 6.882238e-02 -2.072887e-02 1.799765e-04 2.440418e-04 3.123358e-04 1.332165e+01 2.255493e-07 4.330920e-02
1.815541e+03 7.006567e-02 -1.870328e-02 1.494213e-04 2.309420e-04 3.117654e-04 1.332297e+01 1.656739e-07 4.099259e-02
1.612123e+03 7.107484e-02 -1.680525e-02 1.233790e-04 2.158789e-04 3.110355e-04 1.332474e+01 1.209036e-07 3.832904e-02
1.431434e+03 7.188705e-02 -1.504472e-02 1.014754e-04 1.998465e-04 3.101092e-04 1.332700e+01 8.776905e-08 3.549452e-02
1.271133e+03 7.253449e-02 -1.342686e-02 8.326438e-05 1.836067e-04 3.089459e-04 1.332979e+01 6.347386e-08 3.262385e-02
1.128668e+03 7.304696e-02 -1.194682e-02 6.821575e-05 1.676559e-04 3.074949e-04 1.333318e+01 4.574110e-08 2.980481e-02
1.002205e+03 7.344799e-02 -1.060113e-02 5.586846e-05 1.523634e-04 3.057041e-04 1.333723e+01 3.287801e-08 2.710264e-02
8.896797e+02 7.375851e-02 -9.379459e-03 4.575819e-05 1.379116e-04 3.035102e-04 1.334201e+01 2.356291e-08 2.454952e-02
7.905138e+02 7.399259e-02 -8.284662e-03 3.758228e-05 1.245548e-04 3.008835e-04 1.334754e+01 1.689932e-08 2.219028e-02
7.017544e+02 7.416737e-02 -7.290609e-03 3.087947e-05 1.121348e-04 2.977123e-04 1.335398e+01 1.206780e-08 1.999687e-02
6.230530e+02 7.429154e-02 -6.399115e-03 2.544520e-05 1.007747e-04 2.939857e-04 1.336135e+01 8.609205e-09 1.799087e-02
5.534034e+02 7.437388e-02 -5.603692e-03 2.105056e-05 9.046177e-05 2.897032e-04 1.336968e+01 6.143160e-09 1.616990e-02
4.914005e+02 7.442191e-02 -4.891844e-03 1.747546e-05 8.108447e-05 2.848284e-04 1.337910e+01 4.377343e-09 1.451414e-02
4.363002e+02 7.444103e-02 -4.259227e-03 1.457371e-05 7.260058e-05 2.794611e-04 1.338962e+01 3.120168e-09 1.301597e-02
3.874467e+02 7.443580e-02 -3.702066e-03 1.222425e-05 6.496257e-05 2.737888e-04 1.340125e+01 2.230723e-09 1.166685e-02
3.439972e+02 7.440999e-02 -3.214188e-03 1.031619e-05 5.807887e-05 2.680800e-04 1.341403e+01 1.602445e-09 1.045049e-02
3.054368e+02 7.436691e-02 -2.794159e-03 8.771693e-06 5.189847e-05 2.628923e-04 1.342789e+01 1.163430e-09 9.357715e-03
2.712232e+02 7.430953e-02 -2.439999e-03 7.523194e-06 4.635833e-05 2.590156e-04 1.344273e+01 8.601233e-10 8.377276e-03
2.408478e+02 7.424064e-02 -2.150736e-03 6.515493e-06 4.139472e-05 2.576421e-04 1.345842e+01 6.544906e-10 7.497785e-03
2.138580e+02 7.416299e-02 -1.926402e-03 5.703900e-06 3.694844e-05 2.604798e-04 1.347472e+01 5.200264e-10 6.708660e-03
1.898975e+02 7.407975e-02 -1.768966e-03 5.054024e-06 3.297268e-05 2.700063e-04 1.349127e+01 4.396266e-10 6.001504e-03
1.686341e+02 7.399427e-02 -1.680354e-03 4.536587e-06 2.942200e-05 2.895047e-04 1.350759e+01 4.028707e-10 5.368195e-03
1.497454e+02 7.391032e-02 -1.663493e-03 4.127254e-06 2.625054e-05 3.234875e-04 1.352306e+01 4.063587e-10 4.800519e-03
1.329610e+02 7.383227e-02 -1.722080e-03 3.806350e-06 2.341936e-05 3.779378e-04 1.353685e+01 4.542069e-10 4.291510e-03
1.180638e+02 7.376530e-02 -1.860110e-03 3.557938e-06 2.089721e-05 4.605342e-04 1.354789e+01 5.597817e-10 3.835588e-03
1.048438e+02 7.371511e-02 -2.081130e-03 3.368037e-06 1.865298e-05 5.809219e-04 1.355494e+01 7.487465e-10 3.427229e-03
9.310987e+01 7.368814e-02 -2.388869e-03 3.225012e-06 1.665777e-05 7.512169e-04 1.355646e+01 1.064725e-09 3.061323e-03
8.264463e+01 7.369163e-02 -2.788185e-03 3.118275e-06 1.487744e-05 9.873462e-04 1.355066e+01 1.578512e-09 2.731803e-03
7.342144e+01 7.373367e-02 -3.277466e-03 3.041030e-06 1.330979e-05 1.304207e-03 1.353558e+01 2.386254e-09 2.438512e-03
6.518905e+01 7.382336e-02 -3.861199e-03 2.984046e-06 1.191375e-05 1.725018e-03 1.350889e+01 3.637034e-09 2.174143e-03
5.787037e+01 7.397116e-02 -4.538890e-03 2.941985e-06 1.067767e-05 2.272776e-03 1.346807e+01 5.525733e-09 1.936812e-03
5.138746e+01 7.418778e-02 -5.304741e-03 2.909490e-06 9.589343e-06 2.969939e-03 1.341074e+01 8.286081e-09 1.724624e-03
4.564126e+01 7.448546e-02 -6.152233e-03 2.881695e-06 8.632774e-06 3.840604e-03 1.333447e+01 1.218946e-08 1.534977e-03
4.051864e+01 7.488015e-02 -7.077620e-03 2.854483e-06 7.789566e-06 4.914241e-03 1.323642e+01 1.754992e-08 1.364754e-03
3.598417e+01 7.538438e-02 -8.061953e-03 2.824596e-06 7.054079e-06 6.203649e-03 1.311534e+01 2.457775e-08 1.213388e-03
3.194888e+01 7.601643e-02 -9.093057e-03 2.788860e-06 6.411689e-06 7.728393e-03 1.296947e+01 3.343803e-08 1.078492e-03
2.837684e+01 7.678825e-02 -1.014413e-02 2.744846e-06 5.856103e-06 9.483479e-03 1.279945e+01 4.401466e-08 9.593819e-04
2.519526e+01 7.771843e-02 -1.119551e-02 2.689811e-06 5.374903e-06 1.147036e-02 1.260539e+01 5.602412e-08 8.540493e-04
2.237136e+01 7.881496e-02 -1.221353e-02 2.621605e-06 4.961405e-06 1.365984e-02 1.239040e+01 6.875922e-08 7.616853e-04
1.986492e+01 8.008230e-02 -1.316427e-02 2.537987e-06 4.607013e-06 1.601317e-02 1.215860e+01 8.122891e-08 6.810621e-04
1.763980e+01 8.151710e-02 -1.401171e-02 2.437050e-06 4.302841e-06 1.847885e-02 1.191533e+01 9.223335e-08 6.108959e-04
1.566416e+01 8.310582e-02 -1.471954e-02 2.317636e-06 4.039709e-06 2.099566e-02 1.166685e+01 1.005522e-07 5.498668e-04
1.391014e+01 8.482336e-02 -1.525413e-02 2.179801e-06 3.808313e-06 2.349753e-02 1.141988e+01 1.051896e-07 4.966562e-04
1.235178e+01 8.663498e-02 -1.558843e-02 2.024969e-06 3.599394e-06 2.592202e-02 1.118070e+01 1.056003e-07 4.499532e-04
1.096732e+01 8.849581e-02 -1.570474e-02 1.856114e-06 3.404654e-06 2.821232e-02 1.095496e+01 1.018034e-07 4.085967e-04
9.737098e+00 9.035627e-02 -1.559803e-02 1.677510e-06 3.217059e-06 3.032429e-02 1.074703e+01 9.437476e-08 3.715663e-04
8.650519e+00 9.215494e-02 -1.527975e-02 1.495601e-06 3.032588e-06 3.221654e-02 1.056096e+01 8.437147e-08 3.382360e-04
7.680492e+00 9.386633e-02 -1.476877e-02 1.314110e-06 2.846138e-06 3.389500e-02 1.039609e+01 7.285709e-08 3.076068e-04
6.816633e+00 9.545024e-02 -1.409605e-02 1.138811e-06 2.656961e-06 3.535280e-02 1.025305e+01 6.096054e-08 2.793133e-04
6.053269e+00 9.687078e-02 -1.330518e-02 9.756020e-07 2.467170e-06 3.658883e-02 1.013189e+01 4.967520e-08 2.532679e-04
5.376344e+00 9.812223e-02 -1.243395e-02 8.270995e-07 2.278008e-06 3.762608e-02 1.003031e+01 3.955512e-08 2.291837e-04
4.773270e+00 9.920912e-02 -1.151494e-02 6.944997e-07 2.091001e-06 3.849028e-02 9.945733e+00 3.085816e-08 2.068368e-04
4.239084e+00 1.001324e-01 -1.058530e-02 5.792641e-07 1.909745e-06 3.919909e-02 9.876410e+00 2.370721e-08 1.862832e-04
3.765060e+00 1.009072e-01 -9.669311e-03 4.806921e-07 1.736208e-06 3.977684e-02 9.819932e+00 1.799199e-08 1.674244e-04
3.342246e+00 1.015530e-01 -8.781567e-03 3.971949e-07 1.571283e-06 4.024696e-02 9.773992e+00 1.351102e-08 1.501061e-04
2.968240e+00 1.020816e-01 -7.942926e-03 3.279419e-07 1.417561e-06 4.062426e-02 9.737135e+00 1.009361e-08 1.344015e-04
2.635741e+00 1.025130e-01 -7.157565e-03 2.708201e-07 1.274945e-06 4.092729e-02 9.707539e+00 7.512586e-09 1.201461e-04
2.340276e+00 1.028625e-01 -6.430325e-03 2.241350e-07 1.143758e-06 4.116970e-02 9.683869e+00 5.586142e-09 1.072586e-04
2.078138e+00 1.031438e-01 -5.763733e-03 1.863030e-07 1.024083e-06 4.136274e-02 9.665022e+00 4.161911e-09 9.566228e-05
1.845359e+00 1.033694e-01 -5.156347e-03 1.557929e-07 9.154124e-07 4.151628e-02 9.650034e+00 3.113475e-09 8.524610e-05
1.638538e+00 1.035497e-01 -4.605588e-03 1.312881e-07 8.171233e-07 4.163824e-02 9.638130e+00 2.343402e-09 7.590548e-05
1.455180e+00 1.036932e-01 -4.109389e-03 1.117199e-07 7.287379e-07 4.173478e-02 9.628708e+00 1.779195e-09 6.756276e-05
1.291990e+00 1.038076e-01 -3.662117e-03 9.607933e-08 6.491803e-07 4.181139e-02 9.621230e+00 1.363510e-09 6.009337e-05
1.147315e+00 1.038983e-01 -3.261593e-03 8.365687e-08 5.780142e-07 4.187191e-02 9.615324e+00 1.057328e-09 5.343999e-05
1.018745e+00 1.039702e-01 -2.902822e-03 7.378419e-08 5.143188e-07 4.191979e-02 9.610652e+00 8.299403e-10 4.750486e-05
9.049774e-01 1.040269e-01 -2.583369e-03 6.598211e-08 4.576394e-07 4.195750e-02 9.606972e+00 6.604850e-10 4.223733e-05
8.032129e-01 1.040721e-01 -2.296206e-03 5.975763e-08 4.067137e-07 4.198750e-02 9.604045e+00 5.316722e-10 3.751432e-05
7.132668e-01 1.041077e-01 -2.041401e-03 5.485632e-08 3.615433e-07 4.201107e-02 9.601744e+00 4.338964e-10 3.333194e-05
6.333122e-01 1.041359e-01 -1.814205e-03 5.097694e-08 3.212789e-07 4.202970e-02 9.599927e+00 3.583307e-10 2.960862e-05
5.624297e-01 1.041580e-01 -1.612299e-03 4.791632e-08 2.855047e-07 4.204437e-02 9.598495e+00 2.993280e-10 2.630387e-05
4.995005e-01 1.041756e-01 -1.432706e-03 4.549902e-08 2.536895e-07 4.205595e-02 9.597366e+00 2.525647e-10 2.336720e-05
4.434590e-01 1.041894e-01 -1.272528e-03 4.358489e-08 2.253177e-07 4.206511e-02 9.596472e+00 2.148886e-10 2.075002e-05
3.938558e-01 1.042003e-01 -1.130584e-03 4.207885e-08 2.001784e-07 4.207231e-02 9.595769e+00 1.843205e-10 1.843218e-05
3.496503e-01 1.042090e-01 -1.003967e-03 4.088604e-08 1.777555e-07 4.207801e-02 9.595213e+00 1.590374e-10 1.636561e-05
3.104626e-01 1.042158e-01 -8.916394e-04 3.994663e-08 1.578644e-07 4.208250e-02 9.594775e+00 1.379978e-10 1.453295e-05
2.757100e-01 1.042211e-01 -7.919666e-04 3.920643e-08 1.402152e-07 4.208603e-02 9.594430e+00 1.203000e-10 1.290724e-05
2.448580e-01 1.042253e-01 -7.034405e-04 3.862264e-08 1.245404e-07 4.208882e-02 9.594158e+00 1.052615e-10 1.146368e-05
2.173913e-01 1.042287e-01 -6.245995e-04 3.816095e-08 1.105810e-07 4.209102e-02 9.593943e+00 9.234644e-11 1.017829e-05
1.930502e-01 1.042313e-01 -5.547103e-04 3.779755e-08 9.820687e-08 4.209276e-02 9.593774e+00 8.123226e-11 9.039009e-06
1.714090e-01 1.042334e-01 -4.925591e-04 3.751063e-08 8.720300e-08 4.209413e-02 9.593640e+00 7.158314e-11 8.025984e-06
1.522302e-01 1.042350e-01 -4.374700e-04 3.728479e-08 7.744960e-08 4.209520e-02 9.593535e+00 6.319425e-11 7.128145e-06
1.351717e-01 1.042363e-01 -3.884643e-04 3.710636e-08 6.877339e-08 4.209605e-02 9.593452e+00 5.584660e-11 6.329513e-06
1.200192e-01 1.042373e-01 -3.449295e-04 3.696565e-08 6.106584e-08 4.209673e-02 9.593387e+00 4.939984e-11 5.620077e-06
1.065757e-01 1.042381e-01 -3.063014e-04 3.685478e-08 5.422706e-08 4.209726e-02 9.593335e+00 4.373605e-11 4.990628e-06
9.842520e-02 1.042386e-01 -2.828805e-04 3.679412e-08 5.008061e-08 4.209755e-02 9.593307e+00 4.032535e-11 4.608996e-06
